101.759 86.837
101.833 86.7689
101.906 86.7009
101.979 86.6329
102.052 86.565
102.126 86.4973
102.199 86.4298
102.272 86.3625
102.346 86.2954
102.419 86.2286
102.493 86.1621
102.567 86.0959
102.64 86.0301
102.714 85.9647
102.788 85.8997
102.862 85.8351
102.936 85.771
103.01 85.7074
103.084 85.6443
103.158 85.5817
103.232 85.5197
103.306 85.4582
103.38 85.3973
103.455 85.337
103.529 85.2773
103.604 85.2182
103.678 85.1598
103.753 85.102
103.827 85.0449
103.902 84.9884
103.977 84.9327
104.051 84.8777
104.126 84.8233
104.201 84.7697
104.276 84.7169
104.35 84.6647
104.425 84.6133
104.5 84.5626
104.574 84.5127
104.649 84.4636
104.724 84.4152
104.798 84.3675
104.873 84.3206
104.947 84.2745
105.022 84.2292
105.096 84.1846
105.17 84.1408
105.244 84.0977
105.318 84.0555
105.392 84.0139
105.466 83.9732
105.539 83.9332
105.613 83.8939
105.686 83.8555
105.759 83.8177
105.832 83.7807
105.905 83.7444
105.977 83.7089
106.049 83.6741
106.121 83.64
106.193 83.6067
106.265 83.574
106.336 83.542
106.407 83.5108
106.478 83.4802
106.549 83.4503
106.619 83.421
106.689 83.3924
106.758 83.3645
106.828 83.3372
106.897 83.3105
106.965 83.2845
107.034 83.259
107.101 83.2342
107.169 83.2099
107.236 83.1862
107.303 83.1631
107.369 83.1406
107.435 83.1186
107.501 83.0971
107.566 83.0761
107.63 83.0557
107.694 83.0357
107.758 83.0162
107.821 82.9973
107.884 82.9787
107.947 82.9607
108.009 82.943
108.07 82.9258
108.131 82.909
108.191 82.8926
108.251 82.8766
108.31 82.861
108.369 82.8458
108.428 82.8309
108.485 82.8164
108.543 82.8022
108.6 82.7883
108.656 82.7747
108.711 82.7615
108.767 82.7485
108.821 82.7358
108.875 82.7234
108.929 82.7112
108.982 82.6993
109.035 82.6877
109.086 82.6762
109.138 82.665
109.189 82.654
109.239 82.6432
109.289 82.6326
109.338 82.6222
109.387 82.612
109.435 82.602
109.483 82.5921
109.53 82.5823
109.577 82.5727
109.623 82.5633
109.669 82.5539
109.714 82.5447
109.759 82.5357
109.803 82.5267
109.847 82.5178
109.89 82.5091
109.933 82.5004
109.975 82.4918
110.017 82.4832
110.059 82.4748
110.1 82.4664
110.141 82.4581
110.181 82.4498
110.221 82.4415
110.26 82.4334
110.299 82.4252
110.338 82.4171
110.376 82.409
110.414 82.4009
110.452 82.3928
110.489 82.3847
110.526 82.3767
110.562 82.3686
110.599 82.3605
110.635 82.3525
110.67 82.3444
110.706 82.3362
110.741 82.3281
110.776 82.3199
110.81 82.3117
110.845 82.3035
110.879 82.2952
110.913 82.2869
110.947 82.2785
110.98 82.27
111.014 82.2615
111.047 82.253
111.08 82.2444
111.113 82.2357
111.146 82.2269
111.179 82.218
111.211 82.2091
111.244 82.2001
111.276 82.191
111.309 82.1818
111.341 82.1725
111.373 82.163
111.405 82.1535
111.438 82.1439
111.47 82.1342
111.502 82.1243
111.534 82.1144
111.566 82.1043
111.599 82.0941
111.631 82.0837
111.663 82.0732
111.696 82.0626
111.728 82.0518
111.761 82.0409
111.793 82.0298
111.826 82.0186
111.859 82.0072
111.892 81.9957
111.925 81.984
111.958 81.9721
111.991 81.9601
112.025 81.9479
112.059 81.9355
112.093 81.9229
112.127 81.9101
112.161 81.8971
112.195 81.8839
112.23 81.8706
112.265 81.857
112.3 81.8432
112.336 81.8292
112.371 81.815
112.407 81.8005
112.443 81.7858
112.479 81.7709
112.516 81.7557
112.553 81.7403
112.59 81.7247
112.628 81.7088
112.665 81.6926
112.703 81.6762
112.742 81.6594
112.78 81.6425
112.819 81.6252
112.858 81.6076
112.898 81.5898
112.937 81.5716
112.977 81.5532
113.018 81.5344
113.058 81.5153
113.099 81.4959
113.141 81.4762
113.182 81.4561
113.224 81.4357
113.266 81.4149
113.309 81.3938
113.352 81.3723
113.395 81.3505
113.438 81.3282
113.482 81.3056
113.526 81.2826
113.57 81.2593
113.615 81.2355
113.66 81.2113
113.705 81.1867
113.75 81.1616
113.796 81.1362
113.842 81.1103
113.888 81.084
113.935 81.0572
113.982 81.03
114.029 81.0023
114.076 80.9742
114.124 80.9456
114.171 80.9165
114.22 80.8869
114.268 80.8568
114.316 80.8263
114.365 80.7952
114.414 80.7636
114.463 80.7315
114.512 80.6989
114.562 80.6658
114.612 80.6321
114.661 80.5979
114.712 80.5631
114.762 80.5278
114.812 80.492
114.863 80.4556
114.913 80.4186
114.964 80.381
115.015 80.3429
115.066 80.3042
115.117 80.2649
115.168 80.225
115.22 80.1845
115.271 80.1434
115.323 80.1017
115.374 80.0594
115.426 80.0164
115.477 79.9729
115.529 79.9287
115.581 79.8839
115.633 79.8385
115.684 79.7924
115.736 79.7457
115.788 79.6983
115.839 79.6504
115.891 79.6017
115.943 79.5524
115.994 79.5025
116.046 79.4518
116.097 79.4006
116.148 79.3486
116.199 79.296
116.251 79.2428
116.302 79.1888
116.352 79.1342
116.403 79.0789
116.454 79.023
116.504 78.9664
116.554 78.9091
116.604 78.8511
116.654 78.7925
116.704 78.7331
116.753 78.6731
116.803 78.6124
116.852 78.5511
116.9 78.4891
116.949 78.4264
116.997 78.363
117.045 78.2989
117.093 78.2342
117.14 78.1689
117.187 78.1028
117.234 78.0361
117.28 77.9687
117.326 77.9007
117.372 77.832
117.417 77.7627
117.462 77.6927
117.506 77.6221
117.551 77.5508
117.594 77.4789
117.638 77.4063
117.681 77.3332
117.723 77.2594
117.765 77.185
117.807 77.11
117.848 77.0344
117.888 76.9582
117.928 76.8814
117.968 76.804
118.007 76.726
118.046 76.6475
118.084 76.5684
118.121 76.4887
118.158 76.4085
118.194 76.3278
118.23 76.2465
118.266 76.1647
118.3 76.0823
118.334 75.9995
118.368 75.9162
118.401 75.8323
118.433 75.748
118.465 75.6632
118.496 75.578
118.526 75.4922
118.556 75.4061
118.585 75.3195
118.613 75.2324
118.641 75.145
118.668 75.0572
118.694 74.9689
118.72 74.8803
118.745 74.7913
118.769 74.7019
118.792 74.6121
118.815 74.5221
118.837 74.4316
118.858 74.3409
118.879 74.2499
118.898 74.1585
118.917 74.0669
118.936 73.9749
118.953 73.8828
118.97 73.7903
118.985 73.6976
119 73.6047
119.015 73.5116
119.028 73.4182
119.041 73.3247
119.053 73.2309
119.064 73.137
119.074 73.0429
119.083 72.9487
119.092 72.8544
119.1 72.7599
119.106 72.6653
119.112 72.5706
119.118 72.4758
119.122 72.3809
119.125 72.286
119.128 72.191
119.13 72.0959
119.131 72.0008
119.131 71.9058
119.13 71.8107
119.128 71.7156
119.126 71.6205
119.122 71.5255
119.118 71.4305
119.113 71.3355
119.107 71.2406
119.1 71.1458
119.092 71.0511
119.083 70.9565
119.074 70.862
119.064 70.7676
119.052 70.6734
119.04 70.5793
119.027 70.4854
119.013 70.3916
118.998 70.2981
118.983 70.2047
118.966 70.1115
118.949 70.0185
118.931 69.9258
118.912 69.8333
118.892 69.741
118.871 69.649
118.849 69.5573
118.827 69.4659
118.804 69.3747
118.78 69.2839
118.755 69.1933
118.729 69.1031
118.702 69.0132
118.675 68.9237
118.647 68.8345
118.618 68.7457
118.588 68.6572
118.557 68.5691
118.526 68.4814
118.494 68.3941
118.461 68.3072
118.427 68.2207
118.393 68.1347
118.358 68.049
118.322 67.9639
118.285 67.8791
118.248 67.7948
118.21 67.711
118.171 67.6277
118.131 67.5448
118.091 67.4624
118.051 67.3805
118.009 67.2992
117.967 67.2183
117.924 67.1379
117.881 67.0581
117.837 66.9788
117.792 66.9
117.747 66.8218
117.701 66.7441
117.655 66.6669
117.608 66.5904
117.56 66.5144
117.512 66.4389
117.464 66.3641
117.415 66.2898
117.365 66.2161
117.315 66.143
117.264 66.0705
117.213 65.9986
117.162 65.9273
117.11 65.8566
117.057 65.7865
117.004 65.7171
116.951 65.6483
116.897 65.5801
116.843 65.5125
116.789 65.4456
116.734 65.3793
116.679 65.3136
116.624 65.2486
116.568 65.1842
116.512 65.1205
116.455 65.0574
116.398 64.995
116.341 64.9333
116.284 64.8722
116.226 64.8117
116.169 64.7519
116.111 64.6928
116.052 64.6344
115.994 64.5766
115.935 64.5195
115.876 64.463
115.817 64.4073
115.758 64.3522
115.699 64.2977
115.639 64.244
115.58 64.1909
115.52 64.1385
115.46 64.0867
115.4 64.0356
115.34 63.9852
115.28 63.9355
115.22 63.8864
115.16 63.8381
115.099 63.7903
115.039 63.7433
114.979 63.6969
114.918 63.6511
114.858 63.6061
114.798 63.5616
114.737 63.5179
114.677 63.4748
114.617 63.4323
114.557 63.3905
114.497 63.3494
114.436 63.3089
114.376 63.269
114.316 63.2298
114.257 63.1912
114.197 63.1532
114.137 63.1159
114.078 63.0792
114.018 63.0431
113.959 63.0076
113.899 62.9727
113.84 62.9385
113.781 62.9048
113.723 62.8717
113.664 62.8392
113.605 62.8073
113.547 62.776
113.489 62.7453
113.431 62.7151
113.373 62.6855
113.315 62.6564
113.258 62.6279
113.2 62.5999
113.143 62.5725
113.086 62.5456
113.029 62.5192
112.972 62.4933
112.916 62.468
112.86 62.4431
112.804 62.4187
112.748 62.3948
112.692 62.3714
112.637 62.3485
112.581 62.326
112.526 62.3039
112.471 62.2824
112.416 62.2612
112.362 62.2405
112.307 62.2202
112.253 62.2003
112.199 62.1807
112.145 62.1616
112.091 62.1429
112.038 62.1246
111.985 62.1066
111.931 62.0889
111.878 62.0716
111.826 62.0547
111.773 62.0381
111.721 62.0217
111.668 62.0057
111.616 61.99
111.564 61.9746
111.512 61.9595
111.46 61.9446
111.409 61.93
111.357 61.9157
111.306 61.9015
111.255 61.8877
111.204 61.874
111.153 61.8605
111.102 61.8473
111.051 61.8342
111.001 61.8213
110.95 61.8086
110.9 61.7961
110.85 61.7837
110.799 61.7714
110.749 61.7593
110.699 61.7473
110.649 61.7354
110.599 61.7236
110.55 61.7119
110.5 61.7003
110.45 61.6887
110.4 61.6773
110.351 61.6658
110.301 61.6544
110.252 61.6431
110.202 61.6318
110.153 61.6205
110.104 61.6092
110.054 61.5979
110.005 61.5865
109.955 61.5752
109.906 61.5638
109.857 61.5524
109.807 61.541
109.758 61.5295
109.709 61.5179
109.659 61.5062
109.61 61.4945
109.56 61.4826
109.511 61.4707
109.461 61.4587
109.412 61.4465
109.362 61.4342
109.313 61.4218
109.263 61.4093
109.213 61.3966
109.164 61.3837
109.114 61.3707
109.064 61.3575
109.014 61.3442
108.964 61.3306
108.914 61.3169
108.864 61.303
108.813 61.2888
108.763 61.2745
108.713 61.2599
108.662 61.2452
108.612 61.2302
108.561 61.2149
108.51 61.1994
108.459 61.1837
108.409 61.1677
108.358 61.1515
108.307 61.135
108.255 61.1183
108.204 61.1013
108.153 61.084
108.101 61.0665
108.05 61.0486
107.998 61.0305
107.946 61.0121
107.895 60.9934
107.843 60.9745
107.791 60.9552
107.739 60.9356
107.687 60.9158
107.634 60.8956
107.582 60.8751
107.53 60.8544
107.477 60.8333
107.425 60.8119
107.372 60.7902
107.32 60.7682
107.267 60.7459
107.214 60.7232
107.161 60.7003
107.108 60.677
107.055 60.6534
107.002 60.6295
106.949 60.6053
106.896 60.5808
106.843 60.5559
106.79 60.5307
106.736 60.5053
106.683 60.4795
106.63 60.4533
106.577 60.4269
106.523 60.4002
106.47 60.3731
106.416 60.3457
106.363 60.318
106.31 60.29
106.256 60.2617
106.203 60.2331
106.149 60.2042
106.096 60.175
106.043 60.1454
105.989 60.1156
105.936 60.0855
105.883 60.055
105.829 60.0243
105.776 59.9933
105.723 59.962
105.67 59.9303
105.617 59.8985
105.564 59.8663
105.511 59.8338
105.458 59.8011
105.405 59.768
105.352 59.7347
105.299 59.7012
105.246 59.6673
105.194 59.6332
105.141 59.5989
105.089 59.5642
105.036 59.5293
104.984 59.4942
104.932 59.4588
104.88 59.4232
104.828 59.3873
104.776 59.3511
104.724 59.3148
104.673 59.2782
104.621 59.2413
104.57 59.2042
104.519 59.167
104.467 59.1294
104.416 59.0917
104.366 59.0538
104.315 59.0156
104.264 58.9772
104.214 58.9387
104.163 58.8999
104.113 58.8609
104.063 58.8217
104.013 58.7824
103.963 58.7428
103.914 58.7031
103.864 58.6632
103.815 58.6231
103.766 58.5829
103.717 58.5424
103.668 58.5018
103.619 58.4611
103.571 58.4202
103.522 58.3791
103.474 58.3379
103.426 58.2965
103.378 58.255
103.33 58.2133
103.282 58.1715
103.235 58.1296
103.188 58.0876
103.14 58.0454
103.093 58.0031
103.046 57.9606
103 57.9181
102.953 57.8754
102.906 57.8326
102.86 57.7897
102.814 57.7467
102.768 57.7036
102.722 57.6604
102.676 57.6171
102.63 57.5737
102.584 57.5302
102.539 57.4867
102.493 57.443
102.448 57.3992
102.403 57.3554
102.358 57.3115
102.313 57.2675
102.268 57.2235
102.223 57.1794
102.178 57.1352
102.133 57.0909
102.089 57.0466
102.044 57.0022
101.999 56.9578
101.955 56.9133
101.91 56.8688
101.866 56.8242
101.821 56.7795
101.777 56.7349
101.733 56.6902
101.688 56.6454
101.644 56.6006
101.6 56.5558
101.555 56.5109
101.511 56.466
101.466 56.4211
101.422 56.3762
101.378 56.3312
101.333 56.2862
101.288 56.2412
101.244 56.1962
101.199 56.1512
101.154 56.1062
101.11 56.0612
101.065 56.0161
101.02 55.9711
100.975 55.926
100.93 55.881
100.885 55.836
100.839 55.7909
100.794 55.7459
100.748 55.7009
100.703 55.6559
100.657 55.611
100.611 55.566
100.565 55.5211
100.518 55.4762
100.472 55.4313
100.425 55.3865
100.379 55.3417
100.332 55.2969
100.285 55.2521
100.237 55.2075
100.19 55.1628
100.142 55.1182
100.094 55.0736
100.046 55.0291
99.9981 54.9847
99.9496 54.9403
99.9009 54.896
99.852 54.8517
99.8028 54.8075
99.7534 54.7634
99.7038 54.7193
99.6539 54.6753
99.6038 54.6314
99.5534 54.5876
99.5027 54.5438
99.4519 54.5001
99.4007 54.4566
99.3493 54.4131
99.2976 54.3697
99.2457 54.3264
99.1935 54.2832
99.141 54.2401
99.0882 54.1971
99.0351 54.1543
98.9818 54.1115
98.9282 54.0689
98.8743 54.0264
98.8201 53.984
98.7656 53.9417
98.7108 53.8996
98.6558 53.8576
98.6005 53.8157
98.5448 53.774
98.4889 53.7324
98.4327 53.691
98.3762 53.6497
98.3194 53.6086
98.2624 53.5676
98.205 53.5268
98.1474 53.4862
98.0895 53.4458
98.0313 53.4055
97.9728 53.3654
97.9141 53.3255
97.8551 53.2858
97.7958 53.2462
97.7363 53.2069
97.6765 53.1678
97.6164 53.1288
97.5561 53.0901
97.4955 53.0516
97.4347 53.0133
97.3737 52.9752
97.3124 52.9374
97.2509 52.8998
97.1891 52.8624
97.1271 52.8253
97.0649 52.7884
97.0025 52.7517
96.9399 52.7153
96.8771 52.6792
96.8141 52.6433
96.7509 52.6076
96.6875 52.5723
96.6239 52.5372
96.5601 52.5024
96.4962 52.4679
96.4321 52.4336
96.3679 52.3996
96.3035 52.366
96.239 52.3326
96.1743 52.2995
96.1095 52.2668
96.0446 52.2343
95.9795 52.2021
95.9144 52.1703
95.8491 52.1388
95.7838 52.1076
95.7184 52.0767
95.6528 52.0461
95.5872 52.0159
95.5216 51.986
95.4559 51.9565
95.3901 51.9273
95.3242 51.8985
95.2584 51.8699
95.1925 51.8418
95.1265 51.814
95.0606 51.7866
94.9946 51.7595
94.9287 51.7328
94.8627 51.7064
94.7967 51.6804
94.7308 51.6548
94.6649 51.6296
94.599 51.6047
94.5331 51.5802
94.4673 51.5561
94.4015 51.5324
94.3358 51.5091
94.2702 51.4861
94.2046 51.4636
94.1391 51.4414
94.0737 51.4196
94.0083 51.3982
93.9431 51.3772
93.8779 51.3566
93.8129 51.3364
93.748 51.3166
93.6831 51.2972
93.6185 51.2782
93.5539 51.2596
93.4895 51.2414
93.4252 51.2236
93.361 51.2062
93.297 51.1892
93.2332 51.1726
93.1695 51.1564
93.1059 51.1406
93.0426 51.1252
92.9794 51.1102
92.9164 51.0956
92.8535 51.0814
92.7909 51.0676
92.7284 51.0542
92.6661 51.0411
92.604 51.0285
92.5421 51.0163
92.4804 51.0044
92.4189 50.993
92.3576 50.9819
92.2965 50.9712
92.2356 50.9609
92.1749 50.9509
92.1144 50.9414
92.0541 50.9322
91.994 50.9234
91.9341 50.9149
91.8745 50.9068
91.815 50.899
91.7558 50.8916
91.6968 50.8846
91.638 50.8779
91.5794 50.8715
91.5209 50.8655
91.4627 50.8598
91.4048 50.8545
91.347 50.8494
91.2894 50.8447
91.232 50.8403
91.1748 50.8361
91.1178 50.8323
91.061 50.8288
91.0043 50.8256
90.9479 50.8226
90.8917 50.82
90.8356 50.8176
90.7797 50.8154
90.724 50.8135
90.6684 50.8119
90.613 50.8105
90.5578 50.8094
90.5027 50.8085
90.4478 50.8078
90.3931 50.8073
90.3385 50.8071
90.284 50.807
90.2297 50.8072
90.1755 50.8075
90.1214 50.8081
90.0674 50.8088
90.0136 50.8096
89.9599 50.8107
89.9063 50.8119
89.8528 50.8132
89.7994 50.8147
89.7461 50.8163
89.6929 50.8181
89.6397 50.8199
89.5867 50.8219
89.5337 50.824
89.4807 50.8262
89.4279 50.8284
89.3751 50.8308
89.3223 50.8332
89.2696 50.8357
89.2169 50.8382
89.1643 50.8408
89.1116 50.8435
89.0591 50.8461
89.0065 50.8488
88.9539 50.8516
88.9013 50.8543
88.8488 50.8571
88.7962 50.8598
88.7436 50.8626
88.691 50.8653
88.6384 50.868
88.5857 50.8707
88.5331 50.8733
88.4803 50.8759
88.4276 50.8785
88.3747 50.881
88.3219 50.8834
88.2689 50.8858
88.2159 50.888
88.1628 50.8902
88.1097 50.8923
88.0565 50.8944
88.0031 50.8963
87.9497 50.8981
87.8962 50.8997
87.8426 50.9013
87.7889 50.9027
87.7351 50.904
87.6811 50.9052
87.6271 50.9062
87.5729 50.9071
87.5186 50.9078
87.4642 50.9083
87.4096 50.9087
87.3549 50.9089
87.3001 50.9089
87.2451 50.9088
87.19 50.9084
87.1347 50.9079
87.0793 50.9072
87.0237 50.9062
86.9679 50.9051
86.912 50.9038
86.856 50.9022
86.7997 50.9005
86.7433 50.8985
86.6868 50.8963
86.63 50.8939
86.5731 50.8912
86.516 50.8884
86.4588 50.8853
86.4014 50.8819
86.3438 50.8783
86.286 50.8745
86.228 50.8705
86.1699 50.8662
86.1116 50.8616
86.0531 50.8568
85.9945 50.8518
85.9357 50.8465
85.8767 50.841
85.8175 50.8352
85.7582 50.8292
85.6987 50.8229
85.639 50.8164
85.5792 50.8096
85.5191 50.8026
85.459 50.7953
85.3986 50.7878
85.3382 50.7801
85.2775 50.7721
85.2167 50.7638
85.1558 50.7553
85.0947 50.7465
85.0334 50.7376
84.972 50.7283
84.9105 50.7188
84.8488 50.7091
84.787 50.6992
84.725 50.689
84.6629 50.6786
84.6007 50.6679
84.5384 50.657
84.476 50.6459
84.4134 50.6346
84.3507 50.623
84.2879 50.6112
84.225 50.5992
84.162 50.587
84.0989 50.5745
84.0357 50.5619
83.9724 50.549
83.9091 50.536
83.8456 50.5227
83.7821 50.5093
83.7185 50.4956
83.6548 50.4818
83.591 50.4677
83.5272 50.4535
83.4633 50.4391
83.3994 50.4245
83.3354 50.4098
83.2714 50.3948
83.2073 50.3798
83.1432 50.3645
83.0791 50.3491
83.0149 50.3335
82.9507 50.3178
82.8865 50.3019
82.8223 50.2859
82.758 50.2698
82.6938 50.2535
82.6295 50.2371
82.5652 50.2205
82.501 50.2039
82.4367 50.1871
82.3725 50.1702
82.3082 50.1532
82.244 50.1361
82.1799 50.1189
82.1157 50.1016
82.0516 50.0842
81.9875 50.0667
81.9234 50.0491
81.8594 50.0315
81.7954 50.0138
81.7315 49.996
81.6677 49.9782
81.6038 49.9603
81.5401 49.9423
81.4764 49.9243
81.4128 49.9063
81.3492 49.8882
81.2857 49.87
81.2223 49.8519
81.159 49.8337
81.0957 49.8155
81.0325 49.7973
80.9694 49.779
80.9064 49.7608
80.8435 49.7425
80.7807 49.7243
80.718 49.706
80.6553 49.6878
80.5928 49.6696
80.5303 49.6514
80.468 49.6332
80.4057 49.615
80.3436 49.5969
80.2816 49.5788
80.2196 49.5608
80.1578 49.5427
80.0961 49.5248
80.0344 49.5069
79.9729 49.489
79.9115 49.4712
79.8502 49.4535
79.789 49.4358
79.7279 49.4182
79.6669 49.4007
79.6061 49.3833
79.5453 49.3659
79.4846 49.3487
79.4241 49.3315
79.3636 49.3144
79.3032 49.2974
79.243 49.2805
79.1828 49.2637
79.1228 49.247
79.0628 49.2305
79.003 49.214
78.9432 49.1977
78.8835 49.1814
78.824 49.1653
78.7645 49.1494
78.7051 49.1335
78.6458 49.1178
78.5866 49.1022
78.5274 49.0868
78.4684 49.0715
78.4094 49.0563
78.3505 49.0413
78.2917 49.0264
78.233 49.0117
78.1743 48.9972
78.1157 48.9828
78.0572 48.9685
77.9987 48.9544
77.9403 48.9405
77.8819 48.9267
77.8236 48.9131
77.7654 48.8997
77.7072 48.8864
77.6491 48.8733
77.591 48.8604
77.533 48.8477
77.475 48.8351
77.417 48.8227
77.3591 48.8105
77.3012 48.7985
77.2433 48.7866
77.1855 48.775
77.1277 48.7635
77.0699 48.7522
77.0122 48.7411
76.9544 48.7302
76.8967 48.7195
76.839 48.7089
76.7813 48.6986
76.7236 48.6884
76.6659 48.6784
76.6082 48.6687
76.5505 48.6591
76.4928 48.6497
76.4351 48.6405
76.3774 48.6315
76.3197 48.6227
76.262 48.6141
76.2042 48.6056
76.1465 48.5974
76.0887 48.5893
76.0309 48.5815
75.973 48.5738
75.9151 48.5664
75.8572 48.5591
75.7993 48.552
75.7413 48.5451
75.6833 48.5384
75.6253 48.5318
75.5672 48.5255
75.5091 48.5193
75.4509 48.5133
75.3927 48.5075
75.3344 48.5019
75.2761 48.4965
75.2177 48.4912
75.1593 48.4861
75.1008 48.4812
75.0423 48.4764
74.9837 48.4718
74.9251 48.4674
74.8664 48.4631
74.8076 48.459
74.7488 48.4551
74.6899 48.4513
74.6309 48.4477
74.5719 48.4442
74.5128 48.4409
74.4537 48.4377
74.3945 48.4346
74.3352 48.4317
74.2759 48.4289
74.2165 48.4263
74.157 48.4238
74.0975 48.4214
74.0379 48.4191
73.9783 48.4169
73.9185 48.4149
73.8588 48.4129
73.7989 48.4111
73.739 48.4093
73.6791 48.4077
73.619 48.4061
73.559 48.4047
73.4988 48.4033
73.4386 48.402
73.3784 48.4007
73.3181 48.3995
73.2577 48.3984
73.1973 48.3974
73.1369 48.3964
73.0764 48.3954
73.0158 48.3945
72.9552 48.3937
72.8946 48.3928
72.8339 48.392
72.7732 48.3912
72.7125 48.3905
72.6517 48.3897
72.5909 48.389
72.53 48.3882
72.4691 48.3875
72.4082 48.3868
72.3473 48.386
72.2863 48.3852
72.2254 48.3844
72.1644 48.3836
72.1034 48.3827
72.0423 48.3818
71.9813 48.3808
71.9202 48.3798
71.8592 48.3788
71.7981 48.3777
71.7371 48.3765
71.676 48.3752
71.6149 48.3739
71.5539 48.3725
71.4928 48.371
71.4318 48.3694
71.3707 48.3677
71.3097 48.3659
71.2487 48.364
71.1877 48.362
71.1268 48.3598
71.0659 48.3576
71.0049 48.3552
70.9441 48.3527
70.8832 48.35
70.8224 48.3472
70.7616 48.3442
70.7009 48.3411
70.6402 48.3379
70.5795 48.3345
70.5189 48.3309
70.4583 48.3271
70.3978 48.3232
70.3374 48.319
70.2769 48.3147
70.2166 48.3103
70.1563 48.3056
70.0961 48.3007
70.0359 48.2956
69.9758 48.2903
69.9157 48.2848
69.8558 48.2791
69.7959 48.2732
69.736 48.267
69.6763 48.2606
69.6166 48.254
69.557 48.2472
69.4974 48.2401
69.438 48.2328
69.3786 48.2253
69.3193 48.2175
69.2601 48.2094
69.201 48.2011
69.142 48.1926
69.0831 48.1838
69.0242 48.1748
68.9655 48.1654
68.9068 48.1559
68.8482 48.146
68.7897 48.1359
68.7313 48.1256
68.673 48.115
68.6148 48.1041
68.5567 48.0929
68.4987 48.0814
68.4408 48.0697
68.383 48.0577
68.3253 48.0455
68.2676 48.0329
68.2101 48.0201
68.1527 48.0071
68.0953 47.9937
68.0381 47.9801
67.9809 47.9661
67.9239 47.952
67.8669 47.9375
67.81 47.9228
67.7533 47.9077
67.6966 47.8925
67.64 47.8769
67.5835 47.8611
67.527 47.845
67.4707 47.8286
67.4145 47.812
67.3583 47.7951
67.3022 47.7779
67.2462 47.7605
67.1903 47.7428
67.1345 47.7249
67.0787 47.7066
67.0231 47.6882
66.9675 47.6695
66.9119 47.6505
66.8565 47.6312
66.8011 47.6118
66.7458 47.592
66.6905 47.5721
66.6354 47.5518
66.5803 47.5314
66.5252 47.5107
66.4702 47.4898
66.4153 47.4686
66.3604 47.4472
66.3056 47.4256
66.2508 47.4037
66.1961 47.3816
66.1415 47.3593
66.0869 47.3368
66.0323 47.3141
65.9778 47.2911
65.9233 47.268
65.8689 47.2446
65.8145 47.221
65.7601 47.1972
65.7058 47.1733
65.6515 47.1491
65.5972 47.1247
65.543 47.1001
65.4887 47.0754
65.4346 47.0504
65.3804 47.0253
65.3262 47
65.2721 46.9745
65.218 46.9488
65.1639 46.9229
65.1098 46.8969
65.0558 46.8707
65.0017 46.8443
64.9477 46.8178
64.8936 46.7911
64.8396 46.7642
64.7856 46.7372
64.7315 46.71
64.6775 46.6827
64.6235 46.6552
64.5694 46.6276
64.5154 46.5998
64.4613 46.5718
64.4073 46.5437
64.3532 46.5155
64.2991 46.4871
64.2451 46.4586
64.191 46.43
64.1368 46.4012
64.0827 46.3722
64.0286 46.3432
63.9744 46.314
63.9202 46.2846
63.866 46.2551
63.8118 46.2255
63.7576 46.1958
63.7034 46.1659
63.6491 46.1359
63.5948 46.1057
63.5405 46.0755
63.4861 46.0451
63.4318 46.0145
63.3774 45.9839
63.323 45.9531
63.2686 45.9221
63.2141 45.891
63.1596 45.8598
63.1051 45.8285
63.0506 45.797
62.9961 45.7654
62.9415 45.7337
62.887 45.7018
62.8324 45.6697
62.7777 45.6375
62.7231 45.6052
62.6685 45.5727
62.6138 45.5401
62.5591 45.5073
62.5044 45.4744
62.4497 45.4413
62.395 45.408
62.3403 45.3746
62.2856 45.341
62.2309 45.3073
62.1761 45.2734
62.1214 45.2393
62.0667 45.205
62.0119 45.1705
61.9572 45.1359
61.9025 45.101
61.8478 45.066
61.793 45.0308
61.7384 44.9954
61.6837 44.9597
61.629 44.9239
61.5744 44.8879
61.5198 44.8516
61.4652 44.8151
61.4106 44.7784
61.3561 44.7415
61.3016 44.7044
61.2471 44.667
61.1927 44.6294
61.1383 44.5915
61.084 44.5534
61.0297 44.515
60.9754 44.4764
60.9212 44.4376
60.8671 44.3985
60.813 44.3591
60.759 44.3194
60.705 44.2795
60.6511 44.2393
60.5973 44.1989
60.5436 44.1581
60.4899 44.1171
60.4363 44.0758
60.3828 44.0342
60.3294 43.9923
60.2761 43.9501
60.2228 43.9076
60.1697 43.8648
60.1167 43.8217
60.0637 43.7783
60.0109 43.7345
59.9582 43.6905
59.9055 43.6462
59.853 43.6015
59.8007 43.5565
59.7484 43.5112
59.6963 43.4656
59.6443 43.4196
59.5924 43.3734
59.5407 43.3268
59.4891 43.2798
59.4376 43.2326
59.3863 43.185
59.3351 43.1371
59.2841 43.0888
59.2332 43.0402
59.1825 42.9913
59.132 42.942
59.0816 42.8924
59.0313 42.8425
58.9813 42.7923
58.9314 42.7417
58.8817 42.6908
58.8322 42.6395
58.7828 42.588
58.7336 42.5361
58.6846 42.4839
58.6358 42.4313
58.5872 42.3785
58.5388 42.3253
58.4906 42.2718
58.4426 42.218
58.3947 42.1639
58.3471 42.1095
58.2997 42.0548
58.2525 41.9998
58.2055 41.9445
58.1587 41.8889
58.1121 41.833
58.0658 41.7769
58.0196 41.7205
57.9737 41.6638
57.928 41.6069
57.8825 41.5497
57.8373 41.4922
57.7922 41.4346
57.7474 41.3767
57.7029 41.3186
57.6585 41.2602
57.6144 41.2017
57.5705 41.1429
57.5269 41.084
57.4835 41.0249
57.4403 40.9656
57.3974 40.9062
57.3547 40.8466
57.3123 40.7869
57.2701 40.727
57.2281 40.6671
57.1864 40.607
57.1449 40.5468
57.1036 40.4865
57.0626 40.4262
57.0219 40.3658
56.9813 40.3053
56.9411 40.2449
56.901 40.1843
56.8612 40.1238
56.8217 40.0633
56.7824 40.0027
56.7433 39.9422
56.7045 39.8817
56.6659 39.8213
56.6276 39.7609
56.5894 39.7006
56.5516 39.6404
56.5139 39.5802
56.4765 39.5202
56.4394 39.4603
56.4025 39.4005
56.3658 39.3408
56.3293 39.2813
56.2931 39.222
56.2571 39.1629
56.2213 39.1039
56.1857 39.0451
56.1504 38.9866
56.1153 38.9283
56.0804 38.8702
56.0457 38.8124
56.0112 38.7548
55.977 38.6975
55.9429 38.6404
55.9091 38.5837
55.8755 38.5273
55.8421 38.4711
55.8088 38.4153
55.7758 38.3599
55.743 38.3047
55.7103 38.2499
55.6778 38.1955
55.6456 38.1414
55.6135 38.0878
55.5815 38.0345
55.5498 37.9816
55.5182 37.929
55.4868 37.8769
55.4555 37.8252
55.4245 37.774
55.3935 37.7231
55.3627 37.6727
55.3321 37.6227
55.3016 37.5732
55.2712 37.5241
55.2409 37.4755
55.2108 37.4273
55.1808 37.3796
55.151 37.3323
55.1212 37.2855
55.0915 37.2392
55.062 37.1933
55.0325 37.1479
55.0031 37.1029
54.9738 37.0585
54.9446 37.0145
54.9155 36.9709
54.8864 36.9279
54.8574 36.8852
54.8285 36.8431
54.7995 36.8014
54.7707 36.7601
54.7418 36.7193
54.713 36.679
54.6843 36.6391
54.6555 36.5996
54.6267 36.5605
54.598 36.5219
54.5692 36.4836
54.5404 36.4458
54.5116 36.4083
54.4828 36.3712
54.4539 36.3345
54.425 36.2981
54.396 36.2621
54.367 36.2264
54.3379 36.1911
54.3088 36.156
54.2795 36.1212
54.2501 36.0867
54.2207 36.0524
54.1911 36.0183
54.1614 35.9845
54.1316 35.9509
54.1017 35.9174
54.0715 35.8841
54.0413 35.8509
54.0109 35.8179
53.9803 35.7849
53.9495 35.7521
53.9185 35.7192
53.8873 35.6864
53.8559 35.6536
53.8243 35.6208
53.7925 35.5879
53.7604 35.555
53.7281 35.522
53.6955 35.4889
53.6627 35.4556
53.6296 35.4222
53.5962 35.3886
53.5625 35.3548
53.5285 35.3207
53.4942 35.2864
53.4596 35.2518
53.4246 35.2169
53.3894 35.1817
53.3538 35.1461
53.3178 35.1102
53.2815 35.0738
53.2448 35.037
53.2078 34.9998
53.1704 34.9621
53.1326 34.9239
53.0944 34.8852
53.0559 34.8459
53.0169 34.8061
52.9775 34.7657
52.9377 34.7248
52.8975 34.6831
52.8568 34.6409
52.8158 34.598
52.7743 34.5544
52.7323 34.5101
52.69 34.4651
52.6471 34.4194
52.6039 34.3729
52.5602 34.3257
52.516 34.2777
52.4714 34.2289
52.4263 34.1793
52.3808 34.1289
52.3348 34.0776
52.2883 34.0255
52.2414 33.9726
52.194 33.9189
52.1462 33.8642
52.0979 33.8087
52.0492 33.7524
52 33.6951
51.9503 33.637
51.9002 33.578
51.8496 33.5181
51.7986 33.4574
51.7472 33.3957
51.6953 33.3332
51.643 33.2698
51.5903 33.2056
51.5371 33.1404
51.4836 33.0745
51.4296 33.0077
51.3752 32.94
51.3205 32.8716
51.2654 32.8023
51.2099 32.7323
51.154 32.6615
51.0978 32.5899
51.0412 32.5176
50.9844 32.4446
50.9272 32.3709
50.8697 32.2965
50.8119 32.2215
50.7538 32.1459
50.6955 32.0697
50.637 31.993
50.5782 31.9158
50.5192 31.8381
50.46 31.7599
50.4006 31.6814
50.3411 31.6025
50.2815 31.5234
50.2217 31.4439
50.1619 31.3642
50.1019 31.2844
50.042 31.2045
49.982 31.1245
