16.3327 105.642
16.4327 105.642
16.5327 105.642
16.6326 105.642
16.7325 105.642
16.8322 105.642
16.9318 105.642
17.0312 105.643
17.1305 105.643
17.2296 105.643
17.3285 105.643
17.4271 105.643
17.5255 105.643
17.6237 105.643
17.7215 105.644
17.8191 105.644
17.9163 105.644
18.0132 105.644
18.1098 105.645
18.206 105.645
18.3019 105.646
18.3974 105.646
18.4925 105.647
18.5872 105.647
18.6815 105.648
18.7754 105.649
18.8689 105.649
18.962 105.65
19.0546 105.651
19.1468 105.652
19.2386 105.653
19.33 105.654
19.4209 105.655
19.5113 105.656
19.6013 105.657
19.6909 105.658
19.78 105.659
19.8687 105.66
19.9569 105.662
20.0447 105.663
20.132 105.665
20.2189 105.666
20.3053 105.668
20.3913 105.669
20.4769 105.671
20.5621 105.673
20.6468 105.675
20.7311 105.676
20.815 105.678
20.8985 105.68
20.9816 105.682
21.0643 105.684
21.1466 105.687
21.2285 105.689
21.31 105.691
21.3912 105.693
21.472 105.696
21.5525 105.698
21.6326 105.7
21.7124 105.703
21.7918 105.706
21.871 105.708
21.9498 105.711
22.0284 105.714
22.1067 105.716
22.1847 105.719
22.2624 105.722
22.3399 105.725
22.4171 105.728
22.4941 105.731
22.5709 105.734
22.6475 105.737
22.7238 105.74
22.8 105.743
22.876 105.747
22.9519 105.75
23.0276 105.753
23.1032 105.756
23.1786 105.76
23.2539 105.763
23.3291 105.767
23.4042 105.77
23.4792 105.774
23.5542 105.777
23.6291 105.781
23.7039 105.784
23.7787 105.788
23.8535 105.792
23.9282 105.795
24.003 105.799
24.0777 105.803
24.1525 105.806
24.2273 105.81
24.3021 105.814
24.377 105.818
24.4519 105.821
24.5269 105.825
24.602 105.829
24.6772 105.833
24.7524 105.837
24.8278 105.841
24.9032 105.844
24.9788 105.848
25.0545 105.852
25.1303 105.856
25.2063 105.86
25.2824 105.864
25.3586 105.868
25.435 105.872
25.5116 105.875
25.5884 105.879
25.6653 105.883
25.7424 105.887
25.8197 105.891
25.8971 105.895
25.9748 105.899
26.0527 105.902
26.1307 105.906
26.209 105.91
26.2875 105.914
26.3661 105.917
26.445 105.921
26.5241 105.925
26.6035 105.929
26.683 105.932
26.7628 105.936
26.8428 105.939
26.923 105.943
27.0034 105.947
27.0841 105.95
27.165 105.954
27.2461 105.957
27.3274 105.96
27.409 105.964
27.4908 105.967
27.5729 105.971
27.6551 105.974
27.7376 105.977
27.8203 105.98
27.9033 105.983
27.9864 105.987
28.0698 105.99
28.1534 105.993
28.2373 105.996
28.3213 105.999
28.4056 106.002
28.4901 106.004
28.5748 106.007
28.6597 106.01
28.7448 106.013
28.8301 106.015
28.9156 106.018
29.0014 106.021
29.0873 106.023
29.1734 106.026
29.2597 106.028
29.3462 106.03
29.4329 106.033
29.5198 106.035
29.6068 106.037
29.6941 106.039
29.7815 106.041
29.869 106.043
29.9567 106.045
30.0446 106.047
30.1327 106.049
30.2208 106.051
30.3092 106.053
30.3977 106.054
30.4863 106.056
30.575 106.058
30.6639 106.059
30.7529 106.061
30.842 106.062
30.9313 106.063
31.0206 106.065
31.1101 106.066
31.1997 106.067
31.2893 106.068
31.3791 106.069
31.4689 106.07
31.5588 106.071
31.6488 106.072
31.7389 106.073
31.829 106.074
31.9193 106.074
32.0095 106.075
32.0998 106.076
32.1902 106.076
32.2806 106.077
32.3711 106.077
32.4616 106.078
32.5521 106.078
32.6426 106.078
32.7332 106.079
32.8238 106.079
32.9143 106.079
33.0049 106.079
33.0955 106.079
33.1861 106.079
33.2767 106.08
33.3673 106.08
33.4579 106.08
33.5484 106.079
33.6389 106.079
33.7294 106.079
33.8199 106.079
33.9103 106.079
34.0007 106.079
34.091 106.078
34.1813 106.078
34.2715 106.078
34.3617 106.078
34.4519 106.077
34.5419 106.077
34.6319 106.077
34.7218 106.076
34.8117 106.076
34.9014 106.076
34.9911 106.075
35.0807 106.075
35.1702 106.075
35.2597 106.074
35.349 106.074
35.4382 106.074
35.5274 106.073
35.6164 106.073
35.7054 106.073
35.7942 106.072
35.8829 106.072
35.9715 106.072
36.06 106.072
36.1484 106.072
36.2366 106.071
36.3247 106.071
36.4127 106.071
36.5006 106.071
36.5884 106.071
36.676 106.071
36.7635 106.071
36.8508 106.071
36.938 106.072
37.0251 106.072
37.1121 106.072
37.1989 106.072
37.2855 106.073
37.372 106.073
37.4584 106.074
37.5446 106.074
37.6307 106.075
37.7166 106.076
37.8024 106.077
37.8881 106.077
37.9735 106.078
38.0589 106.079
38.1441 106.08
38.2291 106.082
38.314 106.083
38.3987 106.084
38.4832 106.086
38.5677 106.087
38.6519 106.089
38.736 106.09
38.82 106.092
38.9038 106.094
38.9874 106.096
39.0709 106.098
39.1543 106.1
39.2375 106.102
39.3205 106.105
39.4034 106.107
39.4861 106.11
39.5687 106.112
39.6512 106.115
39.7335 106.118
39.8157 106.121
39.8977 106.124
39.9795 106.127
40.0613 106.13
40.1429 106.134
40.2243 106.137
40.3056 106.141
40.3868 106.145
40.4679 106.148
40.5488 106.152
40.6296 106.156
40.7103 106.16
40.7908 106.165
40.8712 106.169
40.9516 106.173
41.0318 106.178
41.1118 106.182
41.1918 106.187
41.2717 106.192
41.3515 106.197
41.4311 106.202
41.5107 106.207
41.5902 106.212
41.6696 106.217
41.7489 106.223
41.8281 106.228
41.9072 106.234
41.9863 106.239
42.0653 106.245
42.1443 106.251
42.2231 106.257
42.3019 106.262
42.3807 106.268
42.4594 106.275
42.5381 106.281
42.6167 106.287
42.6954 106.293
42.7739 106.299
42.8525 106.306
42.931 106.312
43.0095 106.318
43.088 106.325
43.1666 106.331
43.2451 106.338
43.3236 106.344
43.4021 106.351
43.4807 106.357
43.5592 106.364
43.6378 106.37
43.7165 106.377
43.7951 106.384
43.8739 106.39
43.9526 106.397
44.0315 106.403
44.1104 106.41
44.1893 106.416
44.2684 106.423
44.3475 106.429
44.4267 106.436
44.5059 106.442
44.5853 106.448
44.6648 106.455
44.7444 106.461
44.8241 106.467
44.9039 106.473
44.9838 106.479
45.0639 106.485
45.1441 106.491
45.2245 106.497
45.3049 106.502
45.3856 106.508
45.4663 106.514
45.5473 106.519
45.6284 106.524
45.7097 106.529
45.7911 106.535
45.8727 106.539
45.9545 106.544
46.0365 106.549
46.1187 106.554
46.2011 106.558
46.2837 106.562
46.3665 106.566
46.4495 106.57
46.5327 106.574
46.6161 106.578
46.6998 106.582
46.7836 106.585
46.8677 106.588
46.9521 106.591
47.0366 106.594
47.1214 106.597
47.2065 106.599
47.2918 106.601
47.3773 106.604
47.4631 106.606
47.5491 106.607
47.6354 106.609
47.7219 106.61
47.8087 106.611
47.8958 106.612
47.9831 106.613
48.0707 106.614
48.1585 106.614
48.2466 106.614
48.335 106.614
48.4236 106.614
48.5125 106.613
48.6017 106.613
48.6911 106.612
48.7808 106.611
48.8708 106.609
48.9611 106.608
49.0516 106.606
49.1423 106.604
49.2333 106.602
49.3246 106.6
49.4162 106.597
49.508 106.594
49.6 106.591
49.6923 106.588
49.7849 106.585
49.8777 106.581
49.9708 106.577
50.0641 106.573
50.1576 106.569
50.2514 106.564
50.3454 106.56
50.4396 106.555
50.534 106.55
50.6287 106.545
50.7235 106.54
50.8186 106.534
50.9139 106.528
51.0093 106.523
51.105 106.517
51.2008 106.51
51.2968 106.504
51.393 106.498
51.4893 106.491
51.5858 106.484
51.6824 106.478
51.7791 106.471
51.876 106.463
51.973 106.456
52.0702 106.449
52.1674 106.442
52.2647 106.434
52.3622 106.427
52.4597 106.419
52.5573 106.411
52.6549 106.403
52.7526 106.396
52.8503 106.388
52.9481 106.38
53.0459 106.372
53.1438 106.364
53.2416 106.356
53.3395 106.348
53.4373 106.34
53.5351 106.332
53.6329 106.324
53.7307 106.316
53.8284 106.308
53.926 106.3
54.0236 106.292
54.1211 106.284
54.2186 106.277
54.3159 106.269
54.4132 106.261
54.5103 106.254
54.6073 106.246
54.7042 106.239
54.8009 106.232
54.8975 106.225
54.994 106.218
55.0902 106.211
55.1863 106.204
55.2823 106.197
55.378 106.191
55.4735 106.185
55.5688 106.178
55.6639 106.173
55.7587 106.167
55.8534 106.161
55.9478 106.156
56.0419 106.151
56.1358 106.146
56.2294 106.141
56.3227 106.136
56.4157 106.132
56.5085 106.128
56.6009 106.124
56.6931 106.121
56.7849 106.118
56.8764 106.114
56.9676 106.112
57.0585 106.109
57.1491 106.107
57.2392 106.105
57.3291 106.103
57.4186 106.102
57.5077 106.101
57.5965 106.1
57.6849 106.1
57.7729 106.1
57.8606 106.1
57.9479 106.101
58.0348 106.101
58.1213 106.103
58.2075 106.104
58.2932 106.106
58.3786 106.108
58.4635 106.111
58.5481 106.114
58.6323 106.117
58.716 106.12
58.7994 106.124
58.8824 106.129
58.965 106.133
59.0471 106.138
59.1289 106.143
59.2103 106.149
59.2913 106.155
59.3719 106.161
59.4522 106.168
59.532 106.175
59.6114 106.183
59.6905 106.19
59.7692 106.198
59.8476 106.207
59.9255 106.216
60.0031 106.225
60.0804 106.234
60.1573 106.244
60.2339 106.254
60.3101 106.265
60.386 106.275
60.4616 106.286
60.5369 106.298
60.6118 106.309
60.6865 106.321
60.7609 106.333
60.835 106.346
60.9088 106.359
60.9824 106.372
61.0557 106.385
61.1288 106.399
61.2017 106.413
61.2743 106.427
61.3467 106.441
61.4189 106.455
61.491 106.47
61.5628 106.485
61.6345 106.5
61.706 106.516
61.7774 106.531
61.8487 106.547
61.9198 106.563
61.9908 106.579
62.0617 106.595
62.1326 106.612
62.2033 106.628
62.2741 106.645
62.3447 106.661
62.4153 106.678
62.4859 106.695
62.5565 106.712
62.6271 106.729
62.6977 106.746
62.7684 106.764
62.8391 106.781
62.9098 106.798
62.9806 106.815
63.0515 106.833
63.1224 106.85
63.1935 106.867
63.2647 106.884
63.336 106.902
63.4075 106.919
63.4791 106.936
63.5509 106.953
63.6228 106.97
63.695 106.987
63.7673 107.004
63.8399 107.02
63.9127 107.037
63.9857 107.053
64.059 107.069
64.1326 107.085
64.2064 107.101
64.2805 107.117
64.3549 107.132
64.4296 107.148
64.5047 107.163
64.58 107.178
64.6557 107.192
64.7318 107.207
64.8082 107.221
64.885 107.234
64.9621 107.248
65.0397 107.261
65.1176 107.274
65.1959 107.287
65.2747 107.299
65.3539 107.311
65.4335 107.322
65.5135 107.333
65.594 107.344
65.6749 107.355
65.7563 107.365
65.8381 107.374
65.9205 107.383
66.0032 107.392
66.0865 107.4
66.1703 107.408
66.2545 107.415
66.3392 107.422
66.4244 107.429
66.5102 107.435
66.5964 107.44
66.6831 107.445
66.7703 107.449
66.8581 107.453
66.9463 107.457
67.0351 107.459
67.1243 107.462
67.2141 107.463
67.3044 107.464
67.3951 107.465
67.4864 107.465
67.5782 107.464
67.6705 107.463
67.7632 107.461
67.8565 107.458
67.9502 107.455
68.0444 107.451
68.1391 107.447
68.2343 107.442
68.3299 107.436
68.426 107.43
68.5226 107.423
68.6196 107.415
68.717 107.407
68.8149 107.398
68.9132 107.388
69.0119 107.378
69.111 107.367
69.2105 107.355
69.3104 107.342
69.4106 107.329
69.5113 107.315
69.6123 107.3
69.7136 107.285
69.8153 107.269
69.9173 107.252
70.0197 107.235
70.1223 107.216
70.2253 107.197
70.3285 107.177
70.432 107.157
70.5357 107.136
70.6397 107.113
70.7439 107.091
70.8484 107.067
70.953 107.043
71.0579 107.018
71.1629 106.992
71.2681 106.965
71.3735 106.938
71.479 106.91
71.5846 106.881
71.6903 106.851
71.7961 106.821
71.9021 106.79
72.0081 106.758
72.1141 106.725
72.2202 106.691
72.3263 106.657
72.4325 106.622
72.5386 106.586
72.6447 106.549
72.7508 106.512
72.8569 106.474
72.9628 106.435
73.0688 106.395
73.1746 106.355
73.2803 106.313
73.3859 106.271
73.4914 106.229
73.5967 106.185
73.7019 106.141
73.8069 106.096
73.9117 106.05
74.0163 106.003
74.1207 105.956
74.2248 105.908
74.3287 105.859
74.4324 105.809
74.5357 105.759
74.6388 105.707
74.7416 105.656
74.8441 105.603
74.9462 105.55
75.048 105.495
75.1494 105.441
75.2505 105.385
75.3512 105.329
75.4515 105.272
75.5514 105.214
75.6509 105.155
75.7499 105.096
75.8485 105.036
75.9466 104.976
76.0443 104.915
76.1415 104.853
76.2383 104.79
76.3345 104.727
76.4302 104.663
76.5254 104.598
76.6201 104.533
76.7142 104.466
76.8078 104.4
76.9009 104.332
76.9934 104.264
77.0853 104.196
77.1766 104.126
77.2673 104.057
77.3575 103.986
77.447 103.915
77.536 103.843
77.6243 103.771
77.712 103.698
77.7991 103.624
77.8856 103.55
77.9714 103.475
78.0565 103.4
78.1411 103.324
78.225 103.247
78.3082 103.17
78.3908 103.093
78.4727 103.015
78.5539 102.936
78.6345 102.857
78.7144 102.777
78.7937 102.697
78.8723 102.616
78.9502 102.535
79.0274 102.453
79.104 102.371
79.1798 102.288
79.255 102.205
79.3296 102.121
79.4034 102.037
79.4766 101.952
79.5491 101.867
79.6209 101.782
79.692 101.696
79.7625 101.61
79.8323 101.523
79.9014 101.436
79.9699 101.349
80.0376 101.261
80.1048 101.172
80.1712 101.084
80.237 100.995
80.3021 100.905
80.3666 100.816
80.4305 100.726
80.4936 100.635
80.5562 100.545
80.6181 100.453
80.6793 100.362
80.74 100.27
80.8 100.179
80.8593 100.086
80.9181 99.9938
80.9762 99.901
81.0337 99.808
81.0907 99.7147
81.147 99.6211
81.2027 99.5274
81.2579 99.4333
81.3124 99.3391
81.3664 99.2446
81.4198 99.1499
81.4726 99.0551
81.5249 98.96
81.5767 98.8647
81.6278 98.7693
81.6785 98.6736
81.7286 98.5778
81.7782 98.4819
81.8272 98.3858
81.8758 98.2895
81.9238 98.1931
81.9714 98.0966
82.0184 98
82.065 97.9032
82.1111 97.8063
82.1567 97.7093
82.2019 97.6122
82.2466 97.5151
82.2908 97.4178
82.3346 97.3204
82.378 97.223
82.421 97.1255
82.4635 97.028
82.5057 96.9304
82.5474 96.8327
82.5888 96.735
82.6298 96.6373
82.6704 96.5395
82.7106 96.4417
82.7505 96.3438
82.79 96.246
82.8292 96.1481
82.868 96.0502
82.9066 95.9524
82.9448 95.8545
82.9827 95.7566
83.0203 95.6587
83.0576 95.5609
83.0946 95.463
83.1314 95.3652
83.1679 95.2674
83.2041 95.1697
83.2401 95.0719
83.2759 94.9742
83.3114 94.8766
83.3467 94.7789
83.3817 94.6814
83.4166 94.5838
83.4513 94.4864
83.4858 94.3889
83.5201 94.2916
83.5542 94.1942
83.5881 94.097
83.6219 93.9998
83.6556 93.9027
83.6891 93.8056
83.7225 93.7086
83.7557 93.6116
83.7888 93.5148
83.8218 93.418
83.8547 93.3212
83.8876 93.2246
83.9203 93.128
83.9529 93.0315
83.9855 92.935
84.018 92.8387
84.0505 92.7424
84.0829 92.6462
84.1152 92.55
84.1475 92.4539
84.1798 92.3579
84.2121 92.262
84.2443 92.1662
84.2766 92.0704
84.3088 91.9747
84.3411 91.8791
84.3733 91.7835
84.4056 91.6881
84.4379 91.5927
84.4702 91.4973
84.5025 91.402
84.5349 91.3068
84.5673 91.2117
84.5998 91.1166
84.6324 91.0216
84.665 90.9267
84.6977 90.8318
84.7304 90.737
84.7632 90.6422
84.7961 90.5475
84.8291 90.4528
84.8622 90.3582
84.8954 90.2637
84.9287 90.1692
84.9621 90.0747
84.9956 89.9803
85.0292 89.8859
85.0629 89.7916
85.0967 89.6973
85.1307 89.603
85.1648 89.5088
85.199 89.4146
85.2334 89.3204
85.2679 89.2263
85.3025 89.1321
85.3373 89.038
85.3722 88.9439
85.4072 88.8498
85.4424 88.7557
85.4777 88.6617
85.5132 88.5676
85.5489 88.4735
85.5847 88.3795
85.6206 88.2854
85.6567 88.1913
85.6929 88.0972
85.7293 88.0031
85.7659 87.9089
85.8026 87.8148
85.8394 87.7206
85.8764 87.6264
85.9136 87.5321
85.9509 87.4379
85.9883 87.3435
86.0259 87.2492
86.0637 87.1548
86.1016 87.0603
86.1396 86.9658
86.1777 86.8712
86.216 86.7766
86.2545 86.6819
86.293 86.5871
86.3317 86.4923
86.3705 86.3973
86.4094 86.3023
86.4485 86.2073
86.4876 86.1121
86.5269 86.0168
86.5662 85.9215
86.6056 85.826
86.6452 85.7305
86.6848 85.6348
86.7245 85.539
86.7642 85.4431
86.804 85.3471
86.8439 85.251
86.8839 85.1547
86.9238 85.0584
86.9638 84.9619
87.0039 84.8652
87.0439 84.7684
87.084 84.6715
87.124 84.5744
87.1641 84.4772
87.2041 84.3798
87.2442 84.2823
87.2841 84.1846
87.3241 84.0867
87.364 83.9887
87.4038 83.8905
87.4435 83.7921
87.4832 83.6935
87.5228 83.5948
87.5623 83.4959
87.6016 83.3967
87.6409 83.2974
87.68 83.1979
87.7189 83.0983
87.7577 82.9984
87.7963 82.8983
87.8348 82.798
87.873 82.6975
87.9111 82.5968
87.9489 82.4958
87.9866 82.3947
88.0239 82.2934
88.0611 82.1918
88.0979 82.09
88.1345 81.988
88.1708 81.8857
88.2069 81.7832
88.2426 81.6805
88.278 81.5776
88.313 81.4744
88.3477 81.3711
88.3821 81.2674
88.4161 81.1636
88.4497 81.0594
88.4829 80.9551
88.5157 80.8505
88.5481 80.7457
88.58 80.6406
88.6116 80.5353
88.6426 80.4298
88.6733 80.324
88.7034 80.218
88.733 80.1117
88.7622 80.0052
88.7908 79.8984
88.8189 79.7914
88.8465 79.6842
88.8735 79.5767
88.9 79.469
88.9259 79.3611
88.9513 79.2529
88.976 79.1444
89.0002 79.0358
89.0237 78.9269
89.0466 78.8178
89.0689 78.7084
89.0905 78.5989
89.1115 78.4891
89.1318 78.3791
89.1515 78.2688
89.1704 78.1584
89.1887 78.0477
89.2063 77.9368
89.2232 77.8258
89.2393 77.7145
89.2547 77.603
89.2694 77.4913
89.2834 77.3795
89.2966 77.2674
89.309 77.1552
89.3207 77.0428
89.3316 76.9302
89.3417 76.8175
89.351 76.7046
89.3595 76.5916
89.3673 76.4784
89.3742 76.365
89.3803 76.2515
89.3856 76.1379
89.39 76.0242
89.3937 75.9104
89.3965 75.7964
89.3984 75.6824
89.3995 75.5682
89.3998 75.454
89.3992 75.3397
89.3978 75.2253
89.3955 75.1109
89.3924 74.9964
89.3884 74.8818
89.3835 74.7673
89.3778 74.6527
89.3712 74.5381
89.3637 74.4235
89.3554 74.3089
89.3462 74.1944
89.3362 74.0798
89.3253 73.9654
89.3135 73.8509
89.3008 73.7365
89.2873 73.6222
89.273 73.508
89.2578 73.3939
89.2417 73.2799
89.2248 73.166
89.207 73.0522
89.1883 72.9386
89.1689 72.8252
89.1486 72.7119
89.1274 72.5988
89.1054 72.4859
89.0826 72.3732
89.059 72.2607
89.0345 72.1484
89.0092 72.0364
88.9831 71.9247
88.9563 71.8132
88.9286 71.702
88.9001 71.5912
88.8708 71.4806
88.8408 71.3703
88.8099 71.2604
88.7783 71.1508
88.746 71.0416
88.7128 70.9328
88.679 70.8243
88.6444 70.7163
88.609 70.6086
88.573 70.5014
88.5362 70.3946
88.4987 70.2883
88.4605 70.1824
88.4216 70.077
88.382 69.9721
88.3417 69.8677
88.3008 69.7638
88.2592 69.6604
88.2169 69.5575
88.174 69.4552
88.1305 69.3535
88.0863 69.2523
88.0415 69.1516
87.9962 69.0516
87.9502 68.9522
87.9036 68.8534
87.8564 68.7552
87.8087 68.6576
87.7604 68.5606
87.7116 68.4643
87.6622 68.3687
87.6123 68.2737
87.5619 68.1794
87.5109 68.0858
87.4595 67.9929
87.4075 67.9007
87.3551 67.8092
87.3022 67.7184
87.2489 67.6283
87.195 67.5389
87.1408 67.4503
87.0861 67.3624
87.031 67.2753
86.9755 67.1889
86.9196 67.1033
86.8632 67.0184
86.8066 66.9343
86.7495 66.851
86.6921 66.7684
86.6343 66.6866
86.5762 66.6056
86.5177 66.5254
86.4589 66.4459
86.3998 66.3673
86.3405 66.2894
86.2808 66.2123
86.2208 66.136
86.1606 66.0605
86.1001 65.9858
86.0393 65.9119
85.9783 65.8387
85.9171 65.7663
85.8556 65.6947
85.7939 65.6239
85.7321 65.5539
85.67 65.4846
85.6077 65.4161
85.5452 65.3483
85.4826 65.2813
85.4198 65.2151
85.3569 65.1495
85.2938 65.0848
85.2306 65.0207
85.1672 64.9574
85.1037 64.8947
85.0401 64.8328
84.9764 64.7715
84.9126 64.711
84.8487 64.6511
84.7847 64.5918
84.7206 64.5332
84.6565 64.4752
84.5923 64.4179
84.528 64.3612
84.4637 64.305
84.3994 64.2495
84.335 64.1945
84.2706 64.14
84.2062 64.0861
84.1417 64.0327
84.0773 63.9799
84.0128 63.9275
83.9483 63.8756
83.8839 63.8242
83.8195 63.7732
83.755 63.7226
83.6907 63.6725
83.6263 63.6227
83.562 63.5733
83.4977 63.5243
83.4335 63.4757
83.3693 63.4273
83.3052 63.3793
83.2412 63.3315
83.1772 63.2841
83.1133 63.2368
83.0495 63.1898
82.9857 63.1431
82.9221 63.0965
82.8586 63.0501
82.7951 63.0039
82.7318 62.9578
82.6686 62.9118
82.6054 62.8659
82.5424 62.8201
82.4796 62.7744
82.4168 62.7287
82.3542 62.683
82.2918 62.6373
82.2294 62.5917
82.1672 62.546
82.1052 62.5002
82.0433 62.4544
81.9816 62.4084
81.92 62.3624
81.8587 62.3162
81.7974 62.2699
81.7364 62.2234
81.6755 62.1768
81.6148 62.1299
81.5543 62.0828
81.494 62.0355
81.4339 61.9879
81.374 61.94
81.3142 61.8919
81.2547 61.8434
81.1954 61.7946
81.1363 61.7455
81.0774 61.696
81.0188 61.6461
80.9603 61.5958
80.9021 61.5451
80.8441 61.494
80.7864 61.4424
80.7289 61.3904
80.6716 61.3379
80.6145 61.2849
80.5578 61.2314
80.5012 61.1774
80.4449 61.1229
80.3889 61.0678
80.3331 61.0122
80.2776 60.956
80.2224 60.8992
80.1674 60.8419
80.1127 60.7839
80.0583 60.7253
80.0042 60.6661
79.9503 60.6063
79.8967 60.5458
79.8435 60.4846
79.7905 60.4229
79.7378 60.3604
79.6854 60.2972
79.6333 60.2334
79.5815 60.1689
79.5301 60.1037
79.4789 60.0378
79.4281 59.9712
79.3775 59.9038
79.3273 59.8358
79.2775 59.7671
79.2279 59.6976
79.1787 59.6274
79.1298 59.5565
79.0813 59.4848
79.0331 59.4125
78.9853 59.3394
78.9378 59.2656
78.8906 59.1911
78.8439 59.1158
78.7974 59.0398
78.7514 58.9632
78.7057 58.8858
78.6604 58.8077
78.6154 58.7289
78.5709 58.6493
78.5267 58.5691
78.4829 58.4882
78.4395 58.4067
78.3964 58.3244
78.3538 58.2415
78.3116 58.1579
78.2698 58.0736
78.2283 57.9887
78.1873 57.9031
78.1467 57.8169
78.1065 57.7301
78.0667 57.6427
78.0273 57.5546
77.9884 57.4659
77.9499 57.3767
77.9118 57.2869
77.8741 57.1965
77.8369 57.1055
77.8001 57.014
77.7637 56.9219
77.7278 56.8293
77.6923 56.7362
77.6573 56.6426
77.6227 56.5484
77.5885 56.4538
77.5549 56.3588
77.5216 56.2632
77.4889 56.1672
77.4565 56.0708
77.4247 55.974
77.3933 55.8767
77.3624 55.7791
77.3319 55.681
77.3019 55.5826
77.2724 55.4838
77.2433 55.3847
77.2147 55.2853
77.1866 55.1855
77.159 55.0854
77.1318 54.9851
77.1051 54.8844
77.0789 54.7835
77.0532 54.6824
77.0279 54.581
77.0031 54.4794
76.9788 54.3775
76.955 54.2755
76.9317 54.1733
76.9088 54.0709
76.8865 53.9684
76.8646 53.8657
76.8431 53.7629
76.8222 53.66
76.8018 53.557
76.7818 53.4539
76.7623 53.3507
76.7433 53.2475
76.7248 53.1442
76.7067 53.0409
76.6891 52.9375
76.672 52.8341
76.6554 52.7308
76.6393 52.6274
76.6236 52.5241
76.6084 52.4208
76.5936 52.3175
76.5793 52.2143
76.5655 52.1112
76.5521 52.0082
76.5392 51.9052
76.5268 51.8024
76.5148 51.6997
76.5033 51.5971
76.4922 51.4946
76.4815 51.3923
76.4713 51.2901
76.4615 51.1881
76.4522 51.0862
76.4433 50.9845
76.4348 50.8831
76.4267 50.7818
76.4191 50.6807
76.4118 50.5798
76.405 50.4791
76.3986 50.3787
76.3926 50.2784
76.3869 50.1785
76.3817 50.0787
76.3768 49.9792
76.3724 49.8799
76.3682 49.7809
76.3645 49.6822
76.3611 49.5837
76.3581 49.4854
76.3554 49.3875
76.3531 49.2898
76.351 49.1924
76.3494 49.0952
76.348 48.9983
76.347 48.9017
76.3462 48.8054
76.3458 48.7094
76.3456 48.6137
76.3457 48.5182
76.3462 48.423
76.3468 48.3281
76.3478 48.2335
76.349 48.1392
76.3504 48.0451
76.3521 47.9514
76.354 47.8579
76.3561 47.7647
76.3584 47.6718
76.361 47.5792
76.3637 47.4869
76.3666 47.3948
76.3697 47.303
76.373 47.2115
76.3764 47.1203
76.38 47.0293
76.3837 46.9386
76.3876 46.8481
76.3916 46.758
76.3956 46.668
76.3998 46.5784
76.4041 46.489
76.4085 46.3998
76.4129 46.3109
76.4174 46.2222
76.422 46.1338
76.4266 46.0456
76.4313 45.9576
76.4359 45.8699
76.4406 45.7824
76.4453 45.6951
76.45 45.608
76.4547 45.5212
76.4593 45.4345
76.4639 45.3481
76.4685 45.2618
76.473 45.1757
76.4775 45.0899
76.4818 45.0042
76.4861 44.9187
76.4903 44.8334
76.4944 44.7482
76.4983 44.6632
76.5022 44.5784
76.5059 44.4937
76.5094 44.4092
76.5128 44.3248
76.516 44.2406
76.519 44.1565
76.5219 44.0726
76.5245 43.9887
76.5269 43.905
76.5291 43.8214
76.5311 43.738
76.5328 43.6546
76.5343 43.5713
76.5355 43.4882
76.5364 43.4051
76.5371 43.3222
76.5374 43.2393
76.5374 43.1565
76.5371 43.0738
76.5365 42.9911
76.5356 42.9086
76.5343 42.826
76.5326 42.7436
76.5306 42.6612
76.5282 42.5789
76.5254 42.4966
76.5222 42.4144
76.5186 42.3322
76.5145 42.25
76.5101 42.1679
76.5052 42.0859
76.4998 42.0038
76.494 41.9218
76.4877 41.8398
76.4809 41.7579
76.4737 41.6759
76.4659 41.594
76.4577 41.5121
76.4489 41.4302
76.4396 41.3483
76.4297 41.2665
76.4193 41.1846
76.4084 41.1028
76.3968 41.021
76.3848 40.9392
76.3721 40.8573
76.3588 40.7755
76.3449 40.6937
76.3305 40.6119
76.3154 40.5301
76.2996 40.4483
76.2833 40.3665
76.2663 40.2847
76.2486 40.203
76.2303 40.1212
76.2114 40.0394
76.1917 39.9576
76.1714 39.8758
76.1504 39.794
76.1286 39.7123
76.1062 39.6305
76.0831 39.5487
76.0593 39.467
76.0347 39.3852
76.0094 39.3034
75.9834 39.2217
75.9566 39.1399
75.9291 39.0582
75.9008 38.9765
75.8718 38.8947
75.842 38.813
75.8114 38.7313
75.7801 38.6496
75.748 38.5679
75.7151 38.4862
75.6814 38.4046
75.6469 38.3229
75.6116 38.2413
75.5755 38.1596
75.5387 38.078
75.501 37.9964
75.4625 37.9148
75.4232 37.8333
75.3831 37.7517
75.3421 37.6702
75.3004 37.5886
75.2578 37.5071
75.2144 37.4256
75.1702 37.3442
75.1251 37.2627
75.0792 37.1813
75.0325 37.0999
74.985 37.0185
74.9367 36.9371
74.8875 36.8558
74.8375 36.7745
74.7866 36.6932
74.735 36.6119
74.6825 36.5306
74.6292 36.4493
74.5751 36.3681
74.5202 36.2869
74.4644 36.2057
74.4078 36.1245
74.3505 36.0433
74.2923 35.9622
74.2333 35.881
74.1735 35.7999
74.113 35.7187
74.0516 35.6376
73.9895 35.5565
73.9266 35.4754
73.8629 35.3943
73.7984 35.3132
73.7332 35.2321
73.6673 35.151
73.6006 35.0698
73.5331 34.9887
73.4649 34.9076
73.396 34.8264
73.3264 34.7452
73.2561 34.664
73.1851 34.5828
73.1134 34.5015
73.0411 34.4202
72.968 34.3389
72.8943 34.2576
72.82 34.1761
72.7451 34.0947
72.6695 34.0131
72.5933 33.9316
72.5165 33.8499
72.4392 33.7682
72.3613 33.6864
72.2828 33.6045
72.2038 33.5225
72.1242 33.4404
72.0442 33.3582
71.9637 33.2759
71.8826 33.1935
71.8012 33.111
71.7193 33.0283
71.6369 32.9455
71.5542 32.8625
71.4711 32.7794
71.3876 32.6961
71.3037 32.6127
71.2195 32.529
71.135 32.4452
71.0502 32.3612
70.9651 32.277
70.8798 32.1925
70.7942 32.1078
70.7084 32.0229
70.6225 31.9378
70.5363 31.8524
70.45 31.7667
70.3636 31.6808
70.2771 31.5946
70.1904 31.5081
70.1038 31.4213
70.017 31.3342
69.9303 31.2467
69.8435 31.159
69.7568 31.0709
69.6702 30.9825
69.5836 30.8937
69.4971 30.8045
69.4107 30.715
69.3245 30.6251
69.2384 30.5348
69.1526 30.4441
69.0669 30.353
68.9815 30.2615
68.8963 30.1695
68.8115 30.0772
68.7269 29.9843
68.6427 29.8911
68.5589 29.7973
68.4754 29.7031
68.3923 29.6084
68.3097 29.5133
68.2276 29.4176
68.1459 29.3214
68.0647 29.2248
67.9841 29.1276
67.904 29.0299
67.8245 28.9316
67.7456 28.8329
67.6673 28.7336
67.5897 28.6337
67.5128 28.5333
67.4366 28.4323
67.3611 28.3308
67.2863 28.2287
67.2124 28.126
67.1392 28.0228
67.0668 27.919
66.9953 27.8145
66.9247 27.7095
66.855 27.6039
66.7861 27.4977
66.7183 27.3909
66.6513 27.2835
66.5854 27.1755
66.5205 27.0669
66.4566 26.9577
66.3937 26.8478
66.3319 26.7374
66.2712 26.6263
66.2117 26.5147
66.1532 26.4024
66.096 26.2896
66.0399 26.1761
65.985 26.062
65.9313 25.9473
65.8789 25.832
65.8277 25.7161
65.7778 25.5997
65.7292 25.4826
65.6819 25.365
65.6359 25.2467
65.5913 25.1279
65.5481 25.0086
65.5062 24.8887
65.4658 24.7682
65.4268 24.6472
65.3892 24.5256
65.353 24.4035
65.3184 24.2809
65.2852 24.1578
65.2535 24.0341
65.2233 23.91
65.1947 23.7854
65.1676 23.6604
65.142 23.5349
65.118 23.4089
65.0956 23.2826
65.0748 23.1558
65.0555 23.0286
65.0379 22.901
65.0219 22.7731
65.0075 22.6448
64.9948 22.5162
64.9837 22.3873
64.9743 22.2581
64.9665 22.1286
64.9604 21.9989
64.956 21.8689
64.9532 21.7387
64.9522 21.6083
64.9529 21.4777
64.9552 21.3469
64.9593 21.216
64.9651 21.0851
64.9726 20.954
64.9818 20.8228
64.9928 20.6916
65.0055 20.5604
65.0199 20.4291
65.0361 20.2979
65.0539 20.1668
65.0736 20.0357
65.0949 19.9047
65.1181 19.7738
65.1429 19.6431
65.1695 19.5125
65.1978 19.3821
65.2279 19.252
65.2597 19.1221
65.2933 18.9925
65.3285 18.8631
65.3656 18.7341
65.4043 18.6055
65.4448 18.4772
65.487 18.3493
65.5309 18.2218
65.5766 18.0948
65.6239 17.9683
65.673 17.8423
65.7237 17.7168
65.7762 17.5919
65.8304 17.4676
65.8862 17.3439
65.9437 17.2208
66.0029 17.0984
66.0638 16.9767
66.1263 16.8557
66.1904 16.7355
66.2562 16.616
66.3237 16.4973
66.3927 16.3795
66.4634 16.2625
66.5357 16.1464
66.6096 16.0312
66.685 15.9169
66.7621 15.8036
66.8407 15.6913
66.9208 15.5799
67.0025 15.4696
67.0857 15.3604
67.1705 15.2522
67.2567 15.1451
67.3444 15.0392
67.4336 14.9344
67.5243 14.8308
67.6164 14.7284
67.71 14.6272
67.805 14.5273
67.9014 14.4286
67.9992 14.3312
68.0983 14.2351
68.1989 14.1403
68.3008 14.0469
68.404 13.9549
68.5085 13.8642
68.6143 13.775
68.7214 13.6872
68.8298 13.6008
68.9394 13.5159
69.0502 13.4325
69.1623 13.3506
69.2755 13.2702
69.3899 13.1913
69.5055 13.114
69.6222 13.0382
69.74 12.964
69.8589 12.8914
69.9789 12.8204
70.1 12.7511
70.222 12.6833
70.3451 12.6172
70.4692 12.5528
70.5943 12.49
70.7203 12.4289
70.8473 12.3695
70.9751 12.3117
71.1038 12.2557
71.2334 12.2013
71.3639 12.1487
71.4951 12.0978
71.6272 12.0486
71.76 12.0012
71.8935 11.9554
72.0278 11.9114
72.1628 11.8692
72.2985 11.8286
72.4348 11.7898
72.5717 11.7528
72.7093 11.7175
72.8474 11.6839
72.9861 11.6521
73.1253 11.622
73.265 11.5937
73.4052 11.5671
73.5459 11.5422
73.687 11.519
73.8285 11.4976
73.9704 11.4779
74.1126 11.4599
74.2552 11.4436
74.398 11.429
74.5412 11.4161
74.6846 11.4049
74.8283 11.3954
74.9722 11.3876
75.1162 11.3814
75.2604 11.3768
75.4048 11.3739
75.5493 11.3727
75.6938 11.3731
75.8384 11.375
75.9831 11.3786
76.1278 11.3838
76.2724 11.3905
76.4171 11.3988
76.5617 11.4087
76.7062 11.4201
76.8506 11.433
76.9949 11.4474
77.1391 11.4633
77.2831 11.4807
77.4269 11.4996
77.5704 11.5199
77.7138 11.5416
77.8569 11.5648
77.9997 11.5893
78.1423 11.6152
78.2845 11.6425
78.4264 11.6711
78.5679 11.701
78.7091 11.7323
78.8498 11.7648
78.9902 11.7986
79.1301 11.8336
79.2696 11.8698
79.4086 11.9073
79.5472 11.9459
79.6852 11.9857
79.8227 12.0266
79.9597 12.0687
80.0961 12.1118
80.232 12.156
80.3673 12.2013
80.502 12.2475
80.6361 12.2948
80.7695 12.3431
80.9024 12.3923
81.0346 12.4424
81.1661 12.4935
81.297 12.5454
81.4272 12.5982
81.5566 12.6518
81.6854 12.7062
81.8135 12.7614
81.9409 12.8173
82.0676 12.874
82.1935 12.9313
82.3187 12.9894
82.4431 13.0481
82.5668 13.1074
82.6897 13.1673
82.8119 13.2278
82.9333 13.2888
83.0539 13.3503
83.1737 13.4123
83.2928 13.4748
83.4111 13.5377
83.5287 13.601
83.6455 13.6646
83.7615 13.7286
83.8767 13.7929
83.9912 13.8576
84.1049 13.9224
84.2178 13.9875
84.33 14.0528
84.4414 14.1183
84.5521 14.1839
84.6621 14.2496
84.7713 14.3154
84.8798 14.3812
84.9876 14.4471
85.0947 14.513
85.2011 14.5788
85.3069 14.6446
85.4119 14.7103
85.5163 14.7758
85.6201 14.8412
85.7232 14.9065
85.8257 14.9715
85.9277 15.0363
86.029 15.1008
86.1297 15.1651
86.2299 15.229
86.3296 15.2925
86.4287 15.3557
86.5273 15.4185
86.6254 15.4809
86.7231 15.5428
86.8202 15.6043
86.917 15.6652
87.0133 15.7256
87.1092 15.7855
87.2047 15.8448
87.2998 15.9035
87.3946 15.9615
87.4891 16.0189
87.5832 16.0757
87.677 16.1317
87.7706 16.1871
87.8639 16.2417
87.9569 16.2956
88.0497 16.3486
88.1424 16.4009
88.2348 16.4524
88.327 16.5031
88.4191 16.5529
88.5111 16.6019
88.603 16.65
88.6947 16.6972
88.7864 16.7435
88.878 16.7888
88.9696 16.8333
89.0611 16.8768
89.1526 16.9194
89.2442 16.961
89.3357 17.0016
89.4273 17.0412
89.519 17.0799
89.6107 17.1176
89.7024 17.1543
89.7943 17.19
89.8863 17.2246
89.9784 17.2583
90.0707 17.291
90.1631 17.3226
90.2556 17.3533
90.3483 17.3829
90.4412 17.4116
90.5343 17.4392
90.6276 17.4659
90.7211 17.4916
90.8148 17.5163
90.9088 17.54
91.0029 17.5627
91.0973 17.5846
91.192 17.6054
91.2869 17.6254
91.382 17.6444
91.4774 17.6626
91.5731 17.6799
91.669 17.6963
91.7651 17.7119
91.8616 17.7267
91.9582 17.7407
92.0551 17.754
92.1523 17.7664
92.2497 17.7782
92.3474 17.7893
92.4453 17.7998
92.5434 17.8096
92.6417 17.8189
92.7403 17.8276
92.839 17.8358
92.9379 17.8435
93.037 17.8508
93.1362 17.8577
93.2356 17.8642
93.3351 17.8704
93.4347 17.8764
93.5345 17.8822
93.6342 17.8878
93.7341 17.8932
