4.71264 92.9704
4.81259 92.9675
4.91247 92.9646
5.01222 92.9617
5.11177 92.9588
5.21107 92.9559
5.31005 92.953
5.40867 92.9501
5.50686 92.9471
5.60459 92.9441
5.7018 92.9411
5.79844 92.9381
5.89447 92.9351
5.98985 92.932
6.08455 92.9289
6.17851 92.9258
6.27172 92.9226
6.36413 92.9195
6.45572 92.9162
6.54646 92.913
6.63631 92.9097
6.72526 92.9064
6.81328 92.903
6.90036 92.8996
6.98646 92.8962
7.07158 92.8927
7.15569 92.8892
7.23879 92.8856
7.32087 92.882
7.4019 92.8784
7.48189 92.8747
7.56082 92.871
7.63869 92.8672
7.71549 92.8634
7.79123 92.8596
7.8659 92.8557
7.9395 92.8517
8.01203 92.8477
8.08349 92.8437
8.15389 92.8397
8.22324 92.8356
8.29154 92.8314
8.3588 92.8272
8.42503 92.823
8.49023 92.8187
8.55442 92.8144
8.61762 92.81
8.67983 92.8057
8.74107 92.8012
8.80135 92.7968
8.86069 92.7922
8.91912 92.7877
8.97663 92.7831
9.03327 92.7785
9.08904 92.7739
9.14396 92.7692
9.19806 92.7645
9.25136 92.7597
9.30388 92.7549
9.35565 92.7501
9.40668 92.7453
9.457 92.7404
9.50664 92.7355
9.55563 92.7306
9.60398 92.7257
9.65173 92.7207
9.6989 92.7157
9.74551 92.7107
9.7916 92.7057
9.8372 92.7006
9.88232 92.6955
9.927 92.6904
9.97127 92.6853
10.0152 92.6802
10.0587 92.6751
10.1019 92.6699
10.1448 92.6648
10.1874 92.6596
10.2298 92.6544
10.272 92.6492
10.314 92.644
10.3558 92.6388
10.3975 92.6336
10.4391 92.6284
10.4806 92.6232
10.5221 92.618
10.5636 92.6127
10.605 92.6075
10.6465 92.6023
10.6881 92.5971
10.7298 92.5919
10.7715 92.5867
10.8134 92.5815
10.8555 92.5763
10.8977 92.5711
10.9401 92.5659
10.9828 92.5608
11.0257 92.5556
11.0689 92.5505
11.1124 92.5453
11.1561 92.5402
11.2002 92.5351
11.2447 92.53
11.2895 92.5249
11.3347 92.5198
11.3802 92.5148
11.4262 92.5097
11.4726 92.5047
11.5195 92.4997
11.5667 92.4947
11.6144 92.4898
11.6626 92.4848
11.7113 92.4799
11.7605 92.475
11.8101 92.4701
11.8602 92.4652
11.9109 92.4604
11.962 92.4555
12.0137 92.4507
12.0659 92.446
12.1186 92.4412
12.1718 92.4364
12.2256 92.4317
12.2799 92.427
12.3348 92.4223
12.3901 92.4177
12.4461 92.413
12.5025 92.4084
12.5595 92.4038
12.617 92.3992
12.6751 92.3947
12.7337 92.3902
12.7928 92.3857
12.8525 92.3812
12.9126 92.3767
12.9733 92.3722
13.0345 92.3678
13.0962 92.3634
13.1584 92.359
13.2211 92.3547
13.2844 92.3503
13.348 92.346
13.4122 92.3417
13.4768 92.3374
13.5419 92.3331
13.6075 92.3288
13.6735 92.3246
13.7399 92.3204
13.8068 92.3162
13.8741 92.312
13.9418 92.3078
14.0099 92.3037
14.0784 92.2995
14.1473 92.2954
14.2165 92.2913
14.2861 92.2872
14.3561 92.2831
14.4264 92.2791
14.497 92.275
14.5679 92.271
14.6392 92.2669
14.7107 92.2629
14.7825 92.2589
14.8546 92.2549
14.927 92.2509
14.9995 92.2469
15.0724 92.243
15.1454 92.239
15.2186 92.2351
15.2921 92.2311
15.3657 92.2272
15.4395 92.2233
15.5134 92.2193
15.5875 92.2154
15.6617 92.2115
15.7361 92.2076
15.8105 92.2037
15.8851 92.1998
15.9597 92.1959
16.0344 92.192
16.1092 92.1881
16.184 92.1842
16.2589 92.1803
16.3337 92.1764
16.4086 92.1725
16.4835 92.1686
16.5584 92.1648
16.6332 92.1609
16.708 92.157
16.7828 92.1531
16.8575 92.1492
16.9322 92.1453
17.0068 92.1414
17.0813 92.1375
17.1557 92.1336
17.23 92.1296
17.3042 92.1257
17.3782 92.1218
17.4522 92.1179
17.526 92.1139
17.5996 92.11
17.6731 92.106
17.7465 92.1021
17.8196 92.0981
17.8926 92.0942
17.9655 92.0902
18.0381 92.0862
18.1105 92.0822
18.1828 92.0782
18.2548 92.0742
18.3267 92.0702
18.3983 92.0662
18.4698 92.0621
18.541 92.0581
18.612 92.054
18.6827 92.05
18.7533 92.0459
18.8236 92.0418
18.8937 92.0378
18.9635 92.0337
19.0331 92.0296
19.1025 92.0254
19.1717 92.0213
19.2406 92.0172
19.3093 92.0131
19.3777 92.0089
19.4459 92.0047
19.5139 92.0006
19.5816 91.9964
19.6491 91.9922
19.7164 91.988
19.7834 91.9838
19.8502 91.9796
19.9168 91.9754
19.9831 91.9711
20.0492 91.9669
20.1151 91.9626
20.1808 91.9584
20.2462 91.9541
20.3114 91.9498
20.3764 91.9455
20.4412 91.9412
20.5058 91.9369
20.5702 91.9326
20.6343 91.9283
20.6983 91.924
20.7621 91.9197
20.8256 91.9153
20.889 91.911
20.9522 91.9066
21.0153 91.9022
21.0781 91.8979
21.1408 91.8935
21.2033 91.8891
21.2656 91.8847
21.3278 91.8803
21.3898 91.8759
21.4517 91.8715
21.5134 91.8671
21.575 91.8627
21.6365 91.8583
21.6978 91.8539
21.759 91.8494
21.8201 91.845
21.881 91.8406
21.9419 91.8361
22.0026 91.8317
22.0633 91.8272
22.1238 91.8228
22.1843 91.8183
22.2447 91.8139
22.305 91.8094
22.3652 91.8049
22.4254 91.8005
22.4855 91.796
22.5455 91.7915
22.6055 91.7871
22.6655 91.7826
22.7254 91.7781
22.7853 91.7736
22.8451 91.7692
22.9049 91.7647
22.9647 91.7602
23.0245 91.7557
23.0843 91.7513
23.144 91.7468
23.2038 91.7423
23.2636 91.7378
23.3234 91.7334
23.3832 91.7289
23.443 91.7244
23.5028 91.7199
23.5627 91.7155
23.6226 91.711
23.6825 91.7065
23.7425 91.7021
23.8025 91.6976
23.8626 91.6932
23.9227 91.6887
23.9829 91.6843
24.0431 91.6798
24.1034 91.6754
24.1638 91.6709
24.2242 91.6665
24.2847 91.662
24.3453 91.6576
24.4059 91.6532
24.4667 91.6487
24.5275 91.6443
24.5884 91.6399
24.6494 91.6355
24.7104 91.6311
24.7716 91.6266
24.8329 91.6222
24.8942 91.6178
24.9557 91.6134
25.0172 91.609
25.0789 91.6047
25.1406 91.6003
25.2024 91.5959
25.2644 91.5915
25.3264 91.5871
25.3886 91.5828
25.4508 91.5784
25.5132 91.574
25.5756 91.5697
25.6382 91.5653
25.7009 91.561
25.7636 91.5566
25.8265 91.5523
25.8895 91.5479
25.9526 91.5436
26.0158 91.5393
26.0791 91.5349
26.1425 91.5306
26.206 91.5263
26.2696 91.522
26.3333 91.5177
26.3971 91.5133
26.461 91.509
26.525 91.5047
26.5891 91.5004
26.6533 91.4961
26.7176 91.4919
26.782 91.4876
26.8465 91.4833
26.9111 91.479
26.9758 91.4747
27.0406 91.4704
27.1054 91.4662
27.1704 91.4619
27.2354 91.4576
27.3005 91.4533
27.3657 91.4491
27.431 91.4448
27.4964 91.4406
27.5618 91.4363
27.6273 91.432
27.6929 91.4278
27.7586 91.4235
27.8243 91.4193
27.8901 91.415
27.9559 91.4108
28.0219 91.4065
28.0879 91.4023
28.1539 91.3981
28.22 91.3938
28.2862 91.3896
28.3524 91.3853
28.4187 91.3811
28.485 91.3769
28.5514 91.3726
28.6178 91.3684
28.6842 91.3641
28.7507 91.3599
28.8173 91.3557
28.8838 91.3514
28.9504 91.3472
29.0171 91.343
29.0837 91.3387
29.1504 91.3345
29.2171 91.3303
29.2839 91.326
29.3506 91.3218
29.4174 91.3175
29.4842 91.3133
29.551 91.3091
29.6178 91.3048
29.6847 91.3006
29.7515 91.2963
29.8183 91.2921
29.8852 91.2879
29.952 91.2836
30.0189 91.2794
30.0857 91.2751
30.1525 91.2709
30.2194 91.2666
30.2862 91.2624
30.353 91.2581
30.4198 91.2539
30.4866 91.2496
30.5534 91.2454
30.6201 91.2411
30.6868 91.2368
30.7535 91.2326
30.8202 91.2283
30.8869 91.224
30.9535 91.2198
31.0201 91.2155
31.0867 91.2112
31.1533 91.207
31.2198 91.2027
31.2863 91.1984
31.3527 91.1941
31.4191 91.1898
31.4855 91.1856
31.5518 91.1813
31.6181 91.177
31.6844 91.1727
31.7506 91.1684
31.8168 91.1641
31.8829 91.1598
31.949 91.1555
32.0151 91.1512
32.0811 91.1469
32.147 91.1426
32.2129 91.1383
32.2788 91.134
32.3446 91.1297
32.4103 91.1254
32.476 91.1211
32.5417 91.1168
32.6073 91.1125
32.6728 91.1082
32.7383 91.1039
32.8038 91.0995
32.8692 91.0952
32.9345 91.0909
32.9998 91.0866
33.065 91.0823
33.1302 91.0779
33.1953 91.0736
33.2603 91.0693
33.3253 91.065
33.3902 91.0606
33.4551 91.0563
33.5199 91.052
33.5847 91.0477
33.6494 91.0433
33.714 91.039
33.7786 91.0347
33.8431 91.0303
33.9076 91.026
33.972 91.0217
34.0363 91.0173
34.1006 91.013
34.1648 91.0087
34.2289 91.0044
34.293 91
34.3571 90.9957
34.421 90.9914
34.4849 90.987
34.5488 90.9827
34.6126 90.9784
34.6763 90.974
34.74 90.9697
34.8036 90.9654
34.8671 90.9611
34.9306 90.9567
34.994 90.9524
35.0573 90.9481
35.1206 90.9438
35.1839 90.9394
35.247 90.9351
35.3102 90.9308
35.3732 90.9265
35.4362 90.9222
35.4991 90.9179
35.562 90.9136
35.6248 90.9093
35.6875 90.9049
35.7502 90.9006
35.8129 90.8963
35.8754 90.892
35.9379 90.8877
36.0004 90.8835
36.0628 90.8792
36.1251 90.8749
36.1874 90.8706
36.2496 90.8663
36.3117 90.862
36.3738 90.8577
36.4359 90.8535
36.4978 90.8492
36.5598 90.8449
36.6216 90.8407
36.6834 90.8364
36.7452 90.8322
36.8069 90.8279
36.8685 90.8237
36.9301 90.8194
36.9916 90.8152
37.0531 90.8109
37.1145 90.8067
37.1758 90.8025
37.2371 90.7983
37.2983 90.794
37.3595 90.7898
37.4206 90.7856
37.4817 90.7814
37.5427 90.7772
37.6037 90.773
37.6645 90.7688
37.7254 90.7646
37.7862 90.7605
37.8469 90.7563
37.9076 90.7521
37.9682 90.7479
38.0288 90.7438
38.0893 90.7396
38.1497 90.7355
38.2101 90.7313
38.2705 90.7272
38.3307 90.7231
38.391 90.7189
38.4512 90.7148
38.5113 90.7107
38.5713 90.7066
38.6314 90.7025
38.6913 90.6984
38.7512 90.6943
38.8111 90.6902
38.8709 90.6861
38.9306 90.6821
38.9903 90.678
39.0499 90.6739
39.1095 90.6699
39.1691 90.6658
39.2285 90.6618
39.288 90.6577
39.3473 90.6537
39.4067 90.6497
39.4659 90.6457
39.5251 90.6417
39.5843 90.6377
39.6434 90.6337
39.7025 90.6297
39.7615 90.6257
39.8204 90.6217
39.8794 90.6177
39.9382 90.6138
39.997 90.6098
40.0558 90.6058
40.1145 90.6019
40.1732 90.598
40.2318 90.594
40.2903 90.5901
40.3488 90.5862
40.4073 90.5823
40.4657 90.5783
40.5241 90.5744
40.5824 90.5706
40.6407 90.5667
40.699 90.5628
40.7572 90.5589
40.8153 90.555
40.8734 90.5512
40.9315 90.5473
40.9895 90.5434
41.0475 90.5396
41.1054 90.5358
41.1633 90.5319
41.2212 90.5281
41.279 90.5243
41.3368 90.5204
41.3945 90.5166
41.4522 90.5128
41.5099 90.509
41.5676 90.5052
41.6252 90.5014
41.6827 90.4976
41.7402 90.4939
41.7978 90.4901
41.8552 90.4863
41.9127 90.4825
41.9701 90.4788
42.0274 90.475
42.0848 90.4713
42.1421 90.4675
42.1994 90.4637
42.2567 90.46
42.314 90.4563
42.3712 90.4525
42.4284 90.4488
42.4856 90.4451
42.5428 90.4413
42.5999 90.4376
42.6571 90.4339
42.7142 90.4302
42.7713 90.4264
42.8284 90.4227
42.8855 90.419
42.9425 90.4153
42.9996 90.4116
43.0567 90.4079
43.1137 90.4042
43.1708 90.4005
43.2278 90.3968
43.2849 90.393
43.3419 90.3893
43.399 90.3856
43.456 90.3819
43.5131 90.3782
43.5702 90.3745
43.6273 90.3708
43.6844 90.3671
43.7415 90.3634
43.7986 90.3597
43.8557 90.356
43.9129 90.3522
43.9701 90.3485
44.0272 90.3448
44.0845 90.3411
44.1417 90.3373
44.199 90.3336
44.2563 90.3299
44.3136 90.3261
44.371 90.3224
44.4284 90.3187
44.4858 90.3149
44.5432 90.3111
44.6008 90.3074
44.6583 90.3036
44.7159 90.2998
44.7735 90.2961
44.8312 90.2923
44.8889 90.2885
44.9467 90.2847
45.0045 90.2809
45.0624 90.2771
45.1203 90.2733
45.1783 90.2694
45.2363 90.2656
45.2944 90.2618
45.3525 90.2579
45.4107 90.2541
45.469 90.2502
45.5273 90.2463
45.5857 90.2424
45.6442 90.2385
45.7027 90.2346
45.7613 90.2307
45.82 90.2268
45.8788 90.2229
45.9376 90.2189
45.9964 90.215
46.0554 90.211
46.1144 90.2071
46.1735 90.2031
46.2327 90.1991
46.292 90.1951
46.3513 90.1911
46.4107 90.1871
46.4702 90.183
46.5298 90.179
46.5894 90.1749
46.6492 90.1709
46.709 90.1668
46.7689 90.1627
46.8289 90.1586
46.8889 90.1545
46.9491 90.1504
47.0093 90.1462
47.0696 90.1421
47.13 90.1379
47.1904 90.1337
47.251 90.1296
47.3116 90.1254
47.3723 90.1212
47.4331 90.1169
47.494 90.1127
47.555 90.1085
47.616 90.1042
47.6771 90.1
47.7383 90.0957
47.7995 90.0914
47.8609 90.0871
47.9223 90.0828
47.9838 90.0785
48.0453 90.0742
48.1069 90.0699
48.1686 90.0655
48.2304 90.0612
48.2922 90.0568
48.3541 90.0524
48.4161 90.0481
48.4781 90.0437
48.5401 90.0393
48.6023 90.0349
48.6645 90.0305
48.7267 90.026
48.789 90.0216
48.8513 90.0172
48.9137 90.0127
48.9761 90.0083
49.0385 90.0039
49.101 89.9994
49.1635 89.9949
49.226 89.9905
49.2886 89.986
49.3512 89.9815
49.4138 89.9771
49.4764 89.9726
49.539 89.9681
49.6017 89.9637
49.6643 89.9592
49.727 89.9547
49.7896 89.9502
49.8522 89.9457
49.9149 89.9413
49.9775 89.9368
50.0401 89.9323
50.1026 89.9279
50.1652 89.9234
50.2277 89.919
50.2901 89.9145
50.3526 89.9101
50.4149 89.9056
50.4773 89.9012
50.5396 89.8968
50.6018 89.8924
50.664 89.8879
50.7261 89.8835
50.7881 89.8792
50.8501 89.8748
50.912 89.8704
50.9738 89.8661
51.0355 89.8617
51.0971 89.8574
51.1587 89.8531
51.2201 89.8487
51.2815 89.8445
51.3427 89.8402
51.4038 89.8359
51.4649 89.8317
51.5258 89.8274
51.5865 89.8232
51.6472 89.819
51.7077 89.8149
51.7681 89.8107
51.8284 89.8066
51.8885 89.8025
51.9485 89.7984
52.0083 89.7943
52.068 89.7902
52.1276 89.7862
52.187 89.7822
52.2462 89.7782
52.3053 89.7742
52.3642 89.7702
52.4229 89.7663
52.4815 89.7624
52.5399 89.7585
52.5982 89.7547
52.6562 89.7509
52.7141 89.747
52.7718 89.7433
52.8294 89.7395
52.8867 89.7358
52.9439 89.7321
53.0009 89.7284
53.0577 89.7247
53.1143 89.7211
53.1707 89.7175
53.2269 89.7139
53.283 89.7104
53.3388 89.7068
53.3945 89.7033
53.45 89.6998
53.5053 89.6964
53.5604 89.693
53.6153 89.6896
53.67 89.6862
53.7246 89.6828
53.7789 89.6795
53.8331 89.6762
53.8871 89.6729
53.9409 89.6697
53.9945 89.6664
54.0479 89.6632
54.1012 89.6601
54.1543 89.6569
54.2072 89.6538
54.26 89.6506
54.3126 89.6475
54.3651 89.6445
54.4173 89.6414
54.4695 89.6384
54.5214 89.6353
54.5733 89.6323
54.625 89.6293
54.6765 89.6264
54.728 89.6234
54.7793 89.6205
54.8305 89.6175
54.8816 89.6146
54.9325 89.6117
54.9834 89.6088
55.0342 89.6059
55.0849 89.6031
55.1355 89.6002
55.186 89.5973
55.2365 89.5945
55.2869 89.5916
55.3373 89.5888
55.3876 89.5859
55.4379 89.5831
55.4882 89.5802
55.5385 89.5774
55.5887 89.5745
55.639 89.5716
55.6892 89.5688
55.7395 89.5659
55.7898 89.563
55.8401 89.5601
55.8905 89.5572
55.941 89.5543
55.9915 89.5513
56.0421 89.5484
56.0928 89.5454
56.1435 89.5424
56.1944 89.5394
56.2454 89.5364
56.2966 89.5333
56.3478 89.5302
56.3992 89.5271
56.4508 89.524
56.5025 89.5208
56.5544 89.5177
56.6065 89.5144
56.6588 89.5112
56.7113 89.5079
56.7641 89.5046
56.817 89.5012
56.8702 89.4979
56.9237 89.4944
56.9774 89.491
57.0314 89.4875
57.0856 89.4839
57.1402 89.4803
57.195 89.4767
57.2502 89.473
57.3057 89.4693
57.3616 89.4656
57.4177 89.4617
57.4743 89.4579
57.5312 89.454
57.5885 89.45
57.6461 89.446
57.7042 89.442
57.7626 89.4379
57.8215 89.4337
57.8808 89.4295
57.9405 89.4252
58.0007 89.4209
58.0613 89.4166
58.1224 89.4122
58.1839 89.4077
58.2459 89.4032
58.3084 89.3986
58.3714 89.394
58.4349 89.3893
58.4989 89.3845
58.5635 89.3797
58.6285 89.3749
58.6941 89.37
58.7602 89.365
58.8269 89.36
58.8941 89.355
58.9619 89.3499
59.0302 89.3447
59.0991 89.3395
59.1686 89.3342
59.2387 89.3289
59.3094 89.3236
59.3806 89.3182
59.4525 89.3127
59.5249 89.3073
59.598 89.3017
59.6717 89.2962
59.746 89.2905
59.8209 89.2849
59.8964 89.2792
59.9726 89.2735
60.0493 89.2677
60.1268 89.262
60.2048 89.2561
60.2835 89.2503
60.3628 89.2444
60.4427 89.2386
60.5233 89.2327
60.6045 89.2267
60.6863 89.2208
60.7688 89.2149
60.8519 89.2089
60.9357 89.2029
61.02 89.197
61.105 89.191
61.1907 89.1851
61.2769 89.1791
61.3638 89.1732
61.4512 89.1673
61.5393 89.1613
61.6281 89.1555
61.7174 89.1496
61.8073 89.1438
61.8978 89.138
61.9889 89.1322
62.0806 89.1265
62.1728 89.1208
62.2657 89.1152
62.3591 89.1096
62.4531 89.1041
62.5476 89.0986
62.6427 89.0933
62.7383 89.0879
62.8344 89.0827
62.9311 89.0775
63.0283 89.0724
63.1261 89.0674
63.2243 89.0625
63.323 89.0576
63.4222 89.0529
63.5219 89.0483
63.6221 89.0438
63.7227 89.0394
63.8238 89.0351
63.9253 89.0309
64.0273 89.0268
64.1297 89.0229
64.2325 89.0191
64.3357 89.0154
64.4393 89.0118
64.5433 89.0084
64.6477 89.0052
64.7525 89.0021
64.8576 88.9991
64.9631 88.9963
65.0689 88.9937
65.175 88.9912
65.2815 88.9889
65.3882 88.9867
65.4953 88.9847
65.6027 88.9829
65.7103 88.9813
65.8182 88.9798
65.9263 88.9785
66.0347 88.9774
66.1434 88.9765
66.2522 88.9758
66.3613 88.9752
66.4706 88.9749
66.58 88.9747
66.6897 88.9748
66.7995 88.975
66.9095 88.9754
67.0197 88.976
67.1299 88.9769
67.2404 88.9779
67.3509 88.9791
67.4615 88.9806
67.5723 88.9822
67.6831 88.984
67.794 88.9861
67.905 88.9883
68.0161 88.9907
68.1272 88.9934
68.2383 88.9962
68.3495 88.9993
68.4607 89.0025
68.572 89.0059
68.6832 89.0096
68.7944 89.0134
68.9056 89.0174
69.0168 89.0216
69.128 89.026
69.2391 89.0305
69.3502 89.0353
69.4612 89.0402
69.5722 89.0453
69.6831 89.0506
69.7939 89.056
69.9047 89.0616
70.0153 89.0674
70.1259 89.0733
70.2364 89.0794
70.3467 89.0856
70.457 89.0919
70.5671 89.0984
70.6771 89.105
70.7869 89.1117
70.8967 89.1185
71.0063 89.1254
71.1157 89.1324
71.225 89.1396
71.3342 89.1468
71.4432 89.154
71.552 89.1614
71.6607 89.1688
71.7692 89.1762
71.8775 89.1837
71.9857 89.1912
72.0937 89.1987
72.2015 89.2063
72.3092 89.2138
72.4166 89.2214
72.5239 89.2289
72.631 89.2364
72.738 89.2438
72.8447 89.2512
72.9513 89.2586
73.0577 89.2658
73.1639 89.273
73.2699 89.2801
73.3757 89.2872
73.4814 89.2941
73.5868 89.3008
73.6921 89.3075
73.7972 89.314
73.9022 89.3203
74.0069 89.3265
74.1115 89.3325
74.2159 89.3383
74.3201 89.344
74.4242 89.3494
74.5281 89.3546
74.6318 89.3596
74.7353 89.3644
74.8387 89.3689
74.9419 89.3732
75.045 89.3772
75.1479 89.3809
75.2506 89.3844
75.3532 89.3876
75.4557 89.3904
75.558 89.393
75.6601 89.3953
75.7621 89.3972
75.864 89.3988
75.9657 89.4001
76.0674 89.401
76.1688 89.4016
76.2702 89.4019
76.3714 89.4017
76.4725 89.4013
76.5735 89.4004
76.6744 89.3992
76.7752 89.3976
76.8758 89.3956
76.9764 89.3932
77.0768 89.3904
77.1772 89.3873
77.2775 89.3837
77.3777 89.3798
77.4778 89.3754
77.5778 89.3707
77.6777 89.3656
77.7776 89.36
77.8774 89.3541
77.9771 89.3478
78.0768 89.341
78.1764 89.3339
78.2759 89.3264
78.3754 89.3185
78.4748 89.3103
78.5742 89.3016
78.6736 89.2926
78.7729 89.2832
78.8721 89.2735
78.9714 89.2634
79.0705 89.2529
79.1697 89.2421
79.2688 89.231
79.3679 89.2196
79.467 89.2079
79.5661 89.1959
79.6651 89.1836
79.7641 89.171
79.8631 89.1582
79.9621 89.1452
80.0611 89.1319
80.1601 89.1184
80.259 89.1047
80.358 89.0909
80.4569 89.0768
80.5559 89.0627
80.6548 89.0484
80.7538 89.0341
80.8527 89.0197
80.9517 89.0052
81.0506 88.9907
81.0506 88.9907
80.9517 89.0052
80.8527 89.0196
80.7535 89.0339
80.6543 89.0479
80.5548 89.0616
80.4551 89.075
80.3552 89.088
80.2549 89.1005
80.1542 89.1124
80.0532 89.1237
79.9517 89.1343
79.8499 89.1442
79.7475 89.1533
79.6447 89.1616
79.5414 89.169
79.4375 89.1754
79.3331 89.1808
79.2282 89.1852
79.1227 89.1885
79.0166 89.1907
78.91 89.1917
78.8027 89.1915
78.6949 89.19
78.5865 89.1873
78.4776 89.1832
78.368 89.1777
78.2579 89.1709
78.1472 89.1626
78.0359 89.1529
77.9241 89.1417
77.8118 89.1289
77.6989 89.1146
77.5855 89.0988
77.4717 89.0814
77.3574 89.0623
77.2426 89.0417
77.1274 89.0193
77.0117 88.9953
76.8957 88.9696
76.7793 88.9423
76.6626 88.9131
76.5456 88.8823
76.4283 88.8497
76.3107 88.8154
76.1929 88.7793
76.075 88.7414
75.9568 88.7018
75.8386 88.6604
75.7202 88.6171
75.6018 88.5721
75.4834 88.5253
75.365 88.4767
75.2466 88.4262
75.1284 88.374
75.0102 88.32
74.8922 88.2642
74.7744 88.2065
74.6569 88.1471
74.5397 88.0859
74.4227 88.0229
74.3062 87.9581
74.19 87.8916
74.0743 87.8233
73.9591 87.7532
73.8444 87.6814
73.7302 87.6079
73.6167 87.5326
73.5039 87.4556
73.3917 87.377
73.2802 87.2966
73.1696 87.2146
73.0597 87.1309
72.9508 87.0455
72.8427 86.9585
72.7355 86.87
72.6294 86.7798
72.5242 86.688
72.4201 86.5947
72.3171 86.4998
72.2153 86.4035
72.1146 86.3056
72.0151 86.2062
71.9169 86.1054
71.8199 86.0031
71.7243 85.8994
71.63 85.7943
71.537 85.6878
71.4455 85.58
71.3555 85.4708
71.2669 85.3604
71.1798 85.2486
71.0943 85.1356
71.0103 85.0213
70.9279 84.9059
70.8471 84.7892
70.768 84.6714
70.6905 84.5524
70.6146 84.4323
70.5405 84.3112
70.4681 84.1889
70.3974 84.0656
70.3285 83.9413
70.2613 83.8161
70.1959 83.6898
70.1323 83.5626
70.0705 83.4345
70.0104 83.3056
69.9522 83.1757
69.8958 83.045
69.8412 82.9136
69.7885 82.7813
69.7375 82.6483
69.6884 82.5145
69.6411 82.3801
69.5956 82.2449
69.5519 82.1091
69.51 81.9727
69.47 81.8357
69.4317 81.6982
69.3952 81.56
69.3605 81.4214
69.3276 81.2823
69.2964 81.1427
69.2669 81.0026
69.2392 80.8622
69.2133 80.7213
69.189 80.5801
69.1664 80.4386
69.1455 80.2967
69.1262 80.1546
69.1086 80.0122
69.0926 79.8696
69.0782 79.7267
69.0654 79.5837
69.0541 79.4405
69.0443 79.2972
69.0361 79.1538
69.0294 79.0103
69.0241 78.8668
69.0202 78.7232
69.0178 78.5796
69.0167 78.436
69.017 78.2925
69.0187 78.149
69.0216 78.0056
69.0259 77.8624
69.0314 77.7193
69.038 77.5763
69.0459 77.4335
69.055 77.291
69.0652 77.1486
69.0765 77.0065
69.0888 76.8647
69.1022 76.7232
69.1166 76.582
69.132 76.4412
69.1483 76.3007
69.1656 76.1606
69.1837 76.0209
69.2027 75.8816
69.2225 75.7428
69.2431 75.6044
69.2644 75.4666
69.2864 75.3292
69.3092 75.1924
69.3326 75.0561
69.3566 74.9203
69.3812 74.7852
69.4064 74.6507
69.4321 74.5167
69.4582 74.3834
69.4849 74.2508
69.512 74.1189
69.5394 73.9876
69.5673 73.857
69.5954 73.7272
69.6239 73.598
69.6527 73.4697
69.6817 73.3421
69.7109 73.2153
69.7402 73.0892
69.7698 72.964
69.7994 72.8396
69.8292 72.716
69.859 72.5933
69.8889 72.4714
69.9187 72.3504
69.9486 72.2303
69.9784 72.1111
70.0081 71.9928
70.0378 71.8753
70.0673 71.7588
70.0967 71.6433
70.1259 71.5286
70.155 71.4149
70.1838 71.3022
70.2124 71.1904
70.2408 71.0796
70.2688 70.9697
70.2966 70.8609
70.3241 70.753
70.3513 70.6461
70.3781 70.5401
70.4045 70.4352
70.4306 70.3313
70.4563 70.2283
70.4816 70.1264
70.5065 70.0255
70.5309 69.9256
70.555 69.8266
70.5785 69.7287
70.6017 69.6318
70.6243 69.5359
70.6465 69.4409
70.6682 69.347
70.6894 69.2541
70.7101 69.1622
70.7304 69.0712
70.7501 68.9813
70.7693 68.8923
70.788 68.8043
70.8062 68.7173
70.8238 68.6312
70.841 68.5462
70.8576 68.462
70.8737 68.3789
70.8893 68.2966
70.9043 68.2154
70.9188 68.135
70.9328 68.0556
70.9463 67.9771
70.9593 67.8995
70.9717 67.8228
70.9836 67.747
70.995 67.6721
71.0059 67.5981
71.0163 67.525
71.0262 67.4527
71.0356 67.3812
71.0446 67.3106
71.053 67.2408
71.0609 67.1719
71.0684 67.1037
71.0754 67.0364
71.082 66.9698
71.0881 66.9041
71.0937 66.839
71.0989 66.7748
71.1037 66.7112
71.1081 66.6485
71.112 66.5864
71.1155 66.525
71.1187 66.4643
71.1214 66.4044
71.1238 66.345
71.1258 66.2864
71.1274 66.2283
71.1287 66.171
71.1296 66.1142
71.1303 66.058
71.1305 66.0024
71.1305 65.9474
71.1302 65.893
71.1295 65.8391
71.1286 65.7858
71.1274 65.733
71.126 65.6807
71.1242 65.6289
71.1223 65.5776
71.1201 65.5267
71.1177 65.4763
71.115 65.4264
71.1122 65.3769
71.1092 65.3278
71.1059 65.2791
71.1025 65.2308
71.099 65.1829
71.0953 65.1353
71.0914 65.0881
71.0874 65.0413
71.0832 64.9947
71.079 64.9485
71.0746 64.9026
71.0701 64.857
71.0655 64.8116
71.0608 64.7665
71.0561 64.7216
71.0513 64.677
71.0464 64.6326
71.0414 64.5884
71.0364 64.5444
71.0314 64.5007
71.0263 64.457
71.0212 64.4136
71.016 64.3703
71.0108 64.3271
71.0056 64.2841
71.0004 64.2412
70.9952 64.1984
70.9899 64.1557
70.9847 64.1131
70.9795 64.0706
70.9742 64.0281
70.969 63.9857
70.9637 63.9433
70.9585 63.901
70.9533 63.8588
70.9481 63.8165
70.9428 63.7743
70.9376 63.7321
70.9324 63.6898
70.9272 63.6476
70.922 63.6054
70.9168 63.5631
70.9116 63.5208
70.9064 63.4785
70.9012 63.4361
70.896 63.3936
70.8908 63.3511
70.8856 63.3086
70.8803 63.266
70.875 63.2233
70.8697 63.1805
70.8644 63.1376
70.859 63.0946
70.8536 63.0516
70.8481 63.0084
70.8426 62.9651
70.837 62.9218
70.8314 62.8782
70.8257 62.8346
70.8199 62.7909
70.8141 62.747
70.8081 62.7029
70.8021 62.6588
70.7959 62.6144
70.7897 62.57
70.7833 62.5254
70.7769 62.4806
70.7703 62.4356
70.7635 62.3905
70.7566 62.3453
70.7496 62.2998
70.7424 62.2542
70.735 62.2084
70.7275 62.1625
70.7198 62.1163
70.7119 62.07
70.7038 62.0235
70.6955 61.9768
70.687 61.9298
70.6782 61.8827
70.6693 61.8354
70.6601 61.7879
70.6507 61.7402
70.641 61.6923
70.631 61.6442
70.6208 61.5959
70.6103 61.5473
70.5995 61.4986
70.5885 61.4496
70.5771 61.4004
70.5654 61.351
70.5535 61.3014
70.5412 61.2515
70.5285 61.2014
70.5156 61.1511
70.5023 61.1006
70.4886 61.0498
70.4746 60.9988
70.4603 60.9476
70.4456 60.8961
70.4305 60.8444
70.415 60.7925
70.3991 60.7403
70.3828 60.6878
70.3662 60.6352
70.3491 60.5822
70.3317 60.5291
70.3138 60.4756
70.2955 60.422
70.2768 60.368
70.2576 60.3139
70.2381 60.2594
70.2181 60.2047
70.1976 60.1498
70.1768 60.0945
70.1554 60.039
70.1337 59.9833
70.1114 59.9273
70.0888 59.871
70.0657 59.8144
70.0421 59.7576
70.0181 59.7004
69.9936 59.643
69.9686 59.5854
69.9433 59.5274
69.9174 59.4691
69.8911 59.4106
69.8644 59.3518
69.8371 59.2926
69.8095 59.2332
69.7814 59.1735
69.7528 59.1134
69.7238 59.0531
69.6944 58.9925
69.6645 58.9315
69.6342 58.8702
69.6035 58.8086
69.5724 58.7467
69.5408 58.6845
69.5088 58.6219
69.4764 58.559
69.4436 58.4957
69.4105 58.4321
69.3769 58.3682
69.3429 58.3039
69.3086 58.2393
69.2739 58.1743
69.2388 58.109
69.2034 58.0433
69.1677 57.9773
69.1316 57.9108
69.0951 57.8441
69.0584 57.7769
69.0213 57.7094
68.9839 57.6415
68.9462 57.5732
68.9083 57.5045
68.87 57.4354
68.8315 57.366
68.7927 57.2961
68.7537 57.2259
68.7144 57.1553
68.6749 57.0842
68.6352 57.0128
68.5952 56.941
68.555 56.8688
68.5147 56.7961
68.4741 56.7231
68.4334 56.6496
68.3925 56.5757
68.3514 56.5015
68.3102 56.4268
68.2688 56.3517
68.2273 56.2762
68.1857 56.2002
68.144 56.1239
68.1021 56.0471
68.0602 55.97
68.0182 55.8924
67.9761 55.8144
67.9339 55.736
67.8916 55.6572
67.8493 55.578
67.807 55.4983
67.7646 55.4183
67.7222 55.3378
67.6797 55.257
67.6373 55.1757
67.5948 55.0941
67.5523 55.0121
67.5098 54.9296
67.4674 54.8468
67.4249 54.7636
67.3825 54.6801
67.3401 54.5961
67.2978 54.5118
67.2555 54.4271
67.2132 54.3421
67.171 54.2567
67.1288 54.171
67.0867 54.0849
67.0447 53.9985
67.0027 53.9117
66.9608 53.8247
66.9189 53.7373
66.8772 53.6496
66.8355 53.5617
66.7939 53.4734
66.7523 53.3849
66.7109 53.2961
66.6695 53.2071
66.6282 53.1178
66.5869 53.0282
66.5458 52.9385
66.5047 52.8485
66.4637 52.7584
66.4228 52.668
66.3819 52.5775
66.3411 52.4868
66.3004 52.396
66.2597 52.305
66.2191 52.2139
66.1785 52.1227
66.1379 52.0315
66.0974 51.9401
66.0569 51.8487
66.0164 51.7573
65.976 51.6659
65.976 51.6659
66.0164 51.7573
66.0567 51.8488
66.0967 51.9404
66.1362 52.0322
66.1751 52.1241
66.2134 52.2163
66.2507 52.3087
66.2871 52.4014
66.3224 52.4945
66.3564 52.5878
66.3891 52.6816
66.4204 52.7757
66.4502 52.8703
66.4783 52.9653
66.5047 53.0608
66.5292 53.1567
66.5519 53.253
66.5726 53.3498
66.5912 53.4472
66.6076 53.5449
66.6219 53.6432
66.6338 53.742
66.6435 53.8412
66.6507 53.9408
66.6555 54.041
66.6578 54.1415
66.6576 54.2425
66.6548 54.3439
66.6493 54.4457
66.6412 54.5479
66.6304 54.6505
66.6169 54.7534
66.6006 54.8566
66.5815 54.9601
66.5596 55.0638
66.5349 55.1678
66.5074 55.272
66.4771 55.3764
66.4439 55.4809
66.4078 55.5855
66.3689 55.6902
66.3271 55.7949
66.2825 55.8996
66.235 56.0043
66.1847 56.1089
66.1315 56.2134
66.0755 56.3178
66.0167 56.4219
65.9551 56.5258
65.8908 56.6295
65.8236 56.7327
65.7538 56.8356
65.6812 56.9381
65.606 57.0402
65.5281 57.1417
65.4475 57.2426
65.3644 57.343
65.2787 57.4427
65.1905 57.5417
65.0998 57.6399
65.0067 57.7373
64.9111 57.8339
64.8132 57.9296
64.7129 58.0244
64.6104 58.1181
64.5056 58.2108
64.3986 58.3025
64.2895 58.3929
64.1783 58.4822
64.065 58.5703
63.9497 58.657
63.8324 58.7425
63.7133 58.8265
63.5923 58.9092
63.4695 58.9903
63.3449 59.07
63.2186 59.1481
63.0907 59.2246
62.9613 59.2994
62.8302 59.3725
62.6977 59.444
62.5638 59.5136
62.4285 59.5814
62.2918 59.6474
62.1539 59.7115
62.0148 59.7736
61.8745 59.8338
61.7331 59.892
61.5907 59.9482
61.4473 60.0023
61.3029 60.0543
61.1576 60.1041
61.0115 60.1519
60.8646 60.1974
60.717 60.2408
60.5686 60.2819
60.4197 60.3208
60.2701 60.3574
60.12 60.3917
59.9694 60.4237
59.8183 60.4535
59.6668 60.4808
59.5149 60.5059
59.3627 60.5286
59.2103 60.5489
59.0575 60.5669
58.9046 60.5825
58.7515 60.5957
58.5983 60.6066
58.445 60.6151
58.2916 60.6213
58.1381 60.6251
57.9847 60.6265
57.8313 60.6256
57.678 60.6224
57.5248 60.6168
57.3717 60.609
57.2187 60.5988
57.0659 60.5864
56.9134 60.5717
56.761 60.5547
56.6089 60.5355
56.4571 60.5141
56.3056 60.4905
56.1545 60.4648
56.0036 60.4369
55.8532 60.4069
55.7031 60.3748
55.5534 60.3406
55.4042 60.3044
55.2554 60.2662
55.107 60.226
54.9592 60.1839
54.8118 60.1399
54.6649 60.094
54.5186 60.0462
54.3727 59.9966
54.2275 59.9453
54.0828 59.8922
53.9386 59.8374
53.795 59.781
53.6521 59.7229
53.5097 59.6633
53.3679 59.602
53.2268 59.5393
53.0863 59.4752
52.9464 59.4096
52.8071 59.3426
52.6685 59.2742
52.5306 59.2046
52.3933 59.1337
52.2567 59.0617
52.1208 58.9884
51.9855 58.914
51.8509 58.8386
51.717 58.7621
51.5838 58.6846
51.4513 58.6062
51.3194 58.5269
51.1883 58.4467
51.0578 58.3658
50.9281 58.284
50.799 58.2016
50.6706 58.1185
50.543 58.0347
50.416 57.9504
50.2897 57.8656
50.1641 57.7802
50.0392 57.6945
49.9151 57.6083
49.7916 57.5218
49.6688 57.4349
49.5467 57.3478
49.4252 57.2605
49.3045 57.173
49.1845 57.0854
49.0651 56.9977
48.9464 56.91
48.8284 56.8223
48.7111 56.7346
48.5944 56.6469
48.4784 56.5594
48.3631 56.4721
48.2485 56.385
48.1345 56.2981
48.0211 56.2114
47.9084 56.1252
47.7964 56.0392
47.685 55.9537
47.5743 55.8685
47.4642 55.7839
47.3548 55.6997
47.246 55.616
47.1378 55.533
47.0303 55.4505
46.9234 55.3686
46.8171 55.2874
46.7114 55.2068
46.6064 55.127
46.502 55.0479
46.3982 54.9695
46.295 54.8919
46.1925 54.8152
46.0905 54.7392
45.9892 54.6641
45.8885 54.5899
45.7884 54.5165
45.6889 54.444
45.59 54.3725
45.4918 54.3019
45.3941 54.2322
45.2971 54.1635
45.2006 54.0958
45.1048 54.029
45.0096 53.9632
44.9149 53.8984
44.8209 53.8347
44.7275 53.7719
44.6348 53.7102
44.5426 53.6495
44.451 53.5899
44.3601 53.5313
44.2697 53.4737
44.18 53.4172
44.0909 53.3617
44.0024 53.3073
43.9146 53.2539
43.8273 53.2015
43.7407 53.1503
43.6547 53.1
43.5693 53.0508
43.4845 53.0027
43.4004 52.9555
43.3168 52.9094
43.2339 52.8644
43.1517 52.8203
43.0701 52.7773
42.989 52.7353
42.9087 52.6943
42.8289 52.6542
42.7498 52.6152
42.6714 52.5771
42.5935 52.54
42.5163 52.5038
42.4398 52.4686
42.3639 52.4343
42.2886 52.401
42.214 52.3686
42.14 52.337
42.0667 52.3064
41.994 52.2766
41.9219 52.2476
41.8505 52.2196
41.7797 52.1923
41.7096 52.1659
41.6402 52.1403
41.5713 52.1154
41.5032 52.0914
41.4357 52.0681
41.3688 52.0455
41.3026 52.0237
41.237 52.0026
41.172 51.9821
41.1078 51.9624
41.0441 51.9433
40.9811 51.9249
40.9188 51.9071
40.8571 51.8899
40.796 51.8733
40.7356 51.8572
40.6758 51.8418
40.6167 51.8269
40.5582 51.8125
40.5003 51.7986
40.443 51.7852
40.3864 51.7723
40.3304 51.7599
40.2751 51.7479
40.2203 51.7363
40.1662 51.7251
40.1127 51.7144
40.0598 51.704
40.0075 51.6939
39.9558 51.6843
39.9047 51.6749
39.8542 51.6658
39.8042 51.6571
39.7549 51.6486
39.7061 51.6404
39.6579 51.6324
39.6103 51.6247
39.5633 51.6172
39.5167 51.6099
39.4708 51.6028
39.4253 51.5958
39.3805 51.5891
39.3361 51.5825
39.2922 51.576
39.2489 51.5697
39.206 51.5634
39.1637 51.5573
39.1218 51.5513
39.0804 51.5453
39.0395 51.5395
38.999 51.5337
38.959 51.5279
38.9193 51.5222
38.8802 51.5166
38.8414 51.5109
38.803 51.5053
38.765 51.4997
38.7274 51.4941
38.6902 51.4886
38.6533 51.483
38.6167 51.4774
38.5805 51.4718
38.5445 51.4661
38.5089 51.4605
38.4736 51.4548
38.4385 51.4491
38.4037 51.4433
38.3692 51.4375
38.3349 51.4317
38.3008 51.4258
38.2669 51.4198
38.2332 51.4138
38.1997 51.4078
38.1663 51.4017
38.1331 51.3956
38.1 51.3894
38.0671 51.3831
38.0342 51.3768
38.0015 51.3704
37.9688 51.364
37.9362 51.3575
37.9036 51.3509
37.871 51.3443
37.8385 51.3377
37.806 51.331
37.7734 51.3242
37.7409 51.3174
37.7083 51.3106
37.6756 51.3037
37.6429 51.2967
37.61 51.2897
37.5771 51.2827
37.5441 51.2757
37.5109 51.2686
37.4776 51.2615
37.4441 51.2543
37.4105 51.2471
37.3767 51.24
37.3427 51.2328
37.3084 51.2256
37.274 51.2184
37.2393 51.2112
37.2043 51.204
37.1691 51.1968
37.1336 51.1896
37.0978 51.1824
37.0617 51.1753
37.0253 51.1682
36.9886 51.1611
36.9515 51.1541
36.9141 51.1471
36.8763 51.1401
36.8381 51.1332
36.7996 51.1264
36.7606 51.1196
36.7213 51.1129
36.6815 51.1063
36.6413 51.0998
36.6007 51.0934
36.5596 51.087
36.5181 51.0808
36.4761 51.0747
36.4337 51.0687
36.3907 51.0628
36.3473 51.057
36.3034 51.0513
36.259 51.0458
36.2141 51.0405
36.1686 51.0353
36.1227 51.0302
36.0762 51.0253
36.0292 51.0206
35.9817 51.0161
35.9336 51.0117
35.885 51.0075
35.8359 51.0036
35.7862 50.9998
35.7359 50.9962
35.6851 50.9928
35.6338 50.9896
35.5819 50.9867
35.5295 50.984
35.4765 50.9815
35.4229 50.9792
35.3688 50.9772
35.3142 50.9755
35.259 50.9739
35.2032 50.9727
35.1469 50.9717
35.0901 50.9709
35.0328 50.9705
34.9749 50.9703
34.9165 50.9704
34.8576 50.9707
34.7982 50.9714
34.7383 50.9723
34.6779 50.9736
34.617 50.9751
34.5556 50.9769
34.4938 50.9791
34.4315 50.9815
34.3687 50.9843
34.3055 50.9873
34.2419 50.9907
34.1778 50.9944
34.1133 50.9985
34.0485 51.0028
33.9832 51.0075
33.9176 51.0125
33.8515 51.0178
33.7852 51.0235
33.7185 51.0295
33.6515 51.0359
33.5841 51.0426
33.5165 51.0496
33.4485 51.057
33.3803 51.0647
33.3118 51.0728
33.2431 51.0812
33.1741 51.09
33.1049 51.0991
33.0355 51.1086
32.9659 51.1185
32.8962 51.1286
32.8262 51.1392
32.7561 51.1501
32.6859 51.1614
32.6156 51.173
32.5452 51.1849
32.4746 51.1973
32.404 51.21
32.3333 51.223
32.2626 51.2364
32.1919 51.2502
32.1211 51.2643
32.0504 51.2788
31.9796 51.2936
31.9089 51.3088
31.8382 51.3244
31.7676 51.3403
31.697 51.3565
31.6266 51.3732
31.5562 51.3901
31.486 51.4075
31.4159 51.4251
31.3459 51.4432
31.2761 51.4616
31.2064 51.4803
31.1369 51.4994
31.0677 51.5188
30.9986 51.5385
30.9297 51.5586
30.8611 51.5791
30.7928 51.5999
30.7247 51.621
30.6568 51.6424
30.5893 51.6642
30.522 51.6863
30.455 51.7088
30.3884 51.7315
30.322 51.7546
30.256 51.778
30.1903 51.8018
30.125 51.8258
30.0601 51.8501
29.9955 51.8748
29.9313 51.8998
29.8674 51.925
29.804 51.9506
29.7409 51.9765
29.6782 52.0026
29.616 52.0291
29.5541 52.0558
29.4927 52.0828
29.4317 52.1101
29.3711 52.1377
29.3109 52.1655
29.2512 52.1936
29.1919 52.222
29.133 52.2507
29.0745 52.2795
29.0165 52.3087
28.9589 52.3381
28.9017 52.3677
28.845 52.3976
28.7887 52.4277
28.7328 52.458
28.6773 52.4886
28.6222 52.5194
28.5676 52.5504
28.5133 52.5816
28.4595 52.613
28.406 52.6446
28.3529 52.6764
28.3002 52.7084
28.2478 52.7406
28.1958 52.773
28.1441 52.8055
28.0928 52.8383
28.0418 52.8711
27.9911 52.9042
27.9407 52.9374
27.8906 52.9707
27.8408 53.0042
27.7912 53.0378
27.7419 53.0716
27.6928 53.1055
27.644 53.1395
27.5954 53.1736
27.5469 53.2078
27.4986 53.2422
27.4505 53.2766
27.4026 53.3111
27.3547 53.3457
27.307 53.3804
27.2594 53.4152
27.2119 53.45
27.1644 53.485
27.117 53.5199
27.0696 53.5549
27.0222 53.59
26.9749 53.6251
26.9275 53.6602
26.88 53.6954
26.8325 53.7306
26.785 53.7658
26.7373 53.801
26.6895 53.8362
26.6416 53.8714
26.5936 53.9066
26.5454 53.9418
26.497 53.977
26.4484 54.0121
26.3996 54.0472
26.3505 54.0823
26.3012 54.1174
26.2516 54.1524
26.2017 54.1873
26.1515 54.2222
26.101 54.257
26.0501 54.2918
25.9989 54.3265
25.9473 54.3611
25.8952 54.3956
25.8428 54.43
25.79 54.4643
25.7367 54.4986
25.6829 54.5327
25.6286 54.5667
25.5739 54.6006
25.5186 54.6343
25.4629 54.668
25.4065 54.7015
25.3497 54.7348
25.2922 54.7681
25.2342 54.8011
25.1756 54.8341
25.1163 54.8668
25.0565 54.8994
24.996 54.9319
24.9349 54.9642
24.8731 54.9962
24.8106 55.0282
24.7475 55.0599
24.6836 55.0915
24.6191 55.1228
24.5539 55.154
24.488 55.1849
24.4213 55.2157
24.3539 55.2463
24.2858 55.2766
24.2169 55.3067
24.1473 55.3367
24.0769 55.3664
24.0058 55.3958
23.9339 55.4251
23.8613 55.4541
23.7879 55.4829
23.7138 55.5114
23.6388 55.5398
23.5632 55.5678
23.4867 55.5957
23.4095 55.6233
23.3315 55.6506
23.2528 55.6777
23.1733 55.7046
23.0931 55.7311
23.0122 55.7575
22.9305 55.7836
22.8481 55.8094
22.7649 55.835
22.6811 55.8603
22.5966 55.8853
22.5113 55.9101
22.4254 55.9347
22.3389 55.9589
22.2516 55.9829
22.1638 56.0067
22.0753 56.0302
21.9862 56.0534
21.8965 56.0763
21.8063 56.099
21.7155 56.1215
21.6241 56.1436
21.5322 56.1655
21.4398 56.1872
21.3469 56.2085
21.2535 56.2296
21.1597 56.2505
21.0654 56.2711
20.9707 56.2914
20.8756 56.3115
20.7802 56.3313
20.6844 56.3509
20.5882 56.3702
20.4918 56.3892
20.395 56.408
20.298 56.4265
20.2007 56.4448
20.1033 56.4629
20.0056 56.4807
19.9077 56.4982
19.8097 56.5155
19.7115 56.5326
19.6133 56.5494
19.5149 56.566
19.4165 56.5823
19.318 56.5984
19.2195 56.6143
19.1211 56.6299
19.0226 56.6453
18.9242 56.6605
18.8259 56.6754
18.7277 56.6901
18.6296 56.7046
18.5316 56.7189
18.4338 56.733
18.3362 56.7468
18.2388 56.7604
18.1417 56.7738
18.0447 56.787
17.9481 56.8
17.8518 56.8128
17.7558 56.8254
17.6601 56.8378
17.5647 56.85
17.4698 56.862
17.3752 56.8737
17.2811 56.8853
17.1874 56.8967
17.0942 56.908
17.0014 56.919
16.9091 56.9298
16.8173 56.9405
16.7261 56.951
16.6354 56.9613
16.5452 56.9714
16.4556 56.9813
16.3666 56.9911
16.2782 57.0007
16.1904 57.0102
16.1032 57.0194
16.0166 57.0286
15.9307 57.0375
15.8454 57.0463
15.7608 57.0549
15.6769 57.0634
15.5937 57.0717
15.5111 57.0798
15.4292 57.0878
15.348 57.0957
15.2676 57.1034
15.1878 57.1109
15.1087 57.1183
15.0304 57.1256
14.9528 57.1327
14.8758 57.1397
14.7996 57.1465
14.7241 57.1532
14.6493 57.1597
14.5752 57.1661
14.5018 57.1724
14.4291 57.1785
14.357 57.1845
14.2856 57.1904
14.2149 57.1961
14.1449 57.2017
14.0755 57.2071
14.0067 57.2124
13.9385 57.2176
13.8709 57.2226
13.8039 57.2275
13.7375 57.2323
13.6716 57.2369
13.6062 57.2414
13.5414 57.2457
13.477 57.2499
13.4131 57.254
13.3496 57.2579
13.2865 57.2617
13.2238 57.2654
13.1615 57.2689
13.0996 57.2723
13.0379 57.2755
12.9766 57.2786
12.9155 57.2815
12.8546 57.2843
12.794 57.287
12.7335 57.2895
12.6732 57.2918
12.613 57.2941
12.5529 57.2961
12.4929 57.298
12.4329 57.2998
12.3729 57.3014
12.3129 57.3029
12.2528 57.3042
12.1927 57.3053
12.1324 57.3063
12.072 57.3071
12.0114 57.3078
11.9507 57.3083
11.8896 57.3087
11.8284 57.3089
11.7668 57.3089
11.7049 57.3088
11.6427 57.3085
11.5801 57.3081
11.5171 57.3075
11.4537 57.3067
11.3898 57.3058
11.3254 57.3047
11.2606 57.3034
11.1951 57.302
11.1292 57.3004
11.0626 57.2986
10.9955 57.2967
10.9277 57.2946
10.8593 57.2924
10.7902 57.29
10.7205 57.2874
10.65 57.2846
10.5788 57.2817
10.5069 57.2786
10.4342 57.2754
10.3607 57.272
10.2865 57.2684
10.2114 57.2647
10.1355 57.2608
10.0589 57.2568
9.98136 57.2526
9.90301 57.2482
9.82383 57.2437
9.74379 57.239
9.66291 57.2342
9.58116 57.2293
9.49857 57.2242
9.41512 57.2189
9.33082 57.2135
9.24567 57.208
9.15968 57.2023
9.07285 57.1965
8.9852 57.1906
8.89673 57.1845
8.80745 57.1783
8.71739 57.172
8.62656 57.1656
8.53497 57.1591
8.44265 57.1524
8.34961 57.1457
8.25589 57.1388
8.1615 57.1319
8.06647 57.1249
7.97085 57.1178
7.87465 57.1106
7.77791 57.1033
7.68067 57.096
7.58297 57.0885
7.48485 57.0811
7.38635 57.0736
7.28753 57.066
7.18842 57.0584
7.08908 57.0508
6.98957 57.0432
6.88994 57.0355
6.79024 57.0278
6.79024 57.0278
6.88995 57.0355
6.98965 57.043
7.08936 57.0503
7.18907 57.0573
7.28877 57.0637
7.38848 57.0697
7.48817 57.0749
7.58785 57.0794
7.68751 57.0831
7.78715 57.0858
7.88676 57.0875
7.98633 57.0881
8.08586 57.0875
8.18533 57.0856
8.28473 57.0825
8.38406 57.0779
8.4833 57.0718
8.58244 57.0643
8.68147 57.0552
8.78037 57.0444
8.87914 57.032
8.97775 57.0178
9.0762 57.0019
9.17446 56.9841
9.27253 56.9645
9.37038 56.943
9.468 56.9196
9.56536 56.8943
9.66246 56.8669
9.75928 56.8376
9.85578 56.8062
9.95197 56.7729
10.0478 56.7374
10.1433 56.6999
10.2384 56.6603
10.3331 56.6186
10.4273 56.5748
10.5211 56.529
10.6145 56.481
10.7073 56.4309
10.7997 56.3787
10.8915 56.3244
10.9828 56.2681
11.0734 56.2096
11.1635 56.1491
11.253 56.0866
11.3418 56.0219
11.4299 55.9553
11.5173 55.8867
11.6041 55.816
11.69 55.7434
11.7753 55.6689
11.8597 55.5924
11.9433 55.514
12.0261 55.4338
12.108 55.3517
12.1891 55.2678
12.2692 55.1821
12.3484 55.0947
12.4267 55.0056
12.504 54.9148
12.5803 54.8223
12.6556 54.7282
12.7299 54.6326
12.8031 54.5354
12.8752 54.4367
12.9462 54.3365
13.016 54.235
13.0848 54.132
13.1523 54.0277
13.2187 53.9222
13.2839 53.8153
13.3478 53.7073
13.4105 53.5981
13.4719 53.4878
13.5321 53.3764
13.5909 53.264
13.6484 53.1505
13.7046 53.0362
13.7594 52.9209
13.8129 52.8048
13.8649 52.6879
13.9156 52.5702
13.9649 52.4517
14.0127 52.3326
14.0591 52.2129
14.104 52.0925
14.1475 51.9717
14.1895 51.8503
14.23 51.7284
14.269 51.6061
14.3065 51.4835
14.3424 51.3605
14.3769 51.2372
14.4098 51.1136
14.4412 50.9898
14.471 50.8658
14.4993 50.7417
14.526 50.6175
14.5512 50.4932
14.5748 50.3688
14.5969 50.2444
14.6174 50.12
14.6363 49.9957
14.6537 49.8715
14.6696 49.7474
14.6839 49.6234
14.6966 49.4995
14.7078 49.3758
14.7175 49.2524
14.7256 49.1292
14.7322 49.0062
14.7373 48.8835
14.7409 48.7611
14.7429 48.639
14.7435 48.5172
14.7427 48.3958
14.7403 48.2748
14.7365 48.1541
14.7313 48.0339
14.7246 47.914
14.7165 47.7946
14.707 47.6756
14.6961 47.5571
14.6839 47.439
14.6703 47.3214
14.6553 47.2043
14.6391 47.0876
14.6215 46.9715
14.6027 46.8559
14.5825 46.7408
14.5612 46.6262
14.5386 46.5121
14.5148 46.3986
14.4898 46.2856
14.4636 46.1731
14.4363 46.0612
14.4079 45.9498
14.3784 45.839
14.3478 45.7287
14.3161 45.6189
14.2834 45.5097
14.2497 45.4011
14.215 45.293
14.1793 45.1855
14.1427 45.0785
14.1052 44.972
14.0668 44.8661
14.0275 44.7608
13.9873 44.6559
13.9464 44.5517
13.9046 44.4479
13.8621 44.3447
13.8189 44.242
13.7749 44.1398
13.7302 44.0381
13.6849 43.9369
13.639 43.8362
13.5924 43.7361
13.5452 43.6364
13.4975 43.5372
13.4492 43.4385
13.4005 43.3402
13.3512 43.2425
13.3015 43.1451
13.2514 43.0483
13.2008 42.9519
13.1499 42.8559
13.0986 42.7603
13.047 42.6652
12.9951 42.5705
12.9429 42.4762
12.8905 42.3823
12.8378 42.2887
12.785 42.1956
12.7319 42.1029
12.6787 42.0105
12.6254 41.9185
12.572 41.8268
12.5185 41.7355
12.465 41.6445
12.4114 41.5539
12.3578 41.4636
12.3043 41.3736
12.2507 41.2839
12.1973 41.1946
12.1439 41.1055
12.0906 41.0167
12.0374 40.9282
11.9844 40.84
11.9316 40.7521
11.8789 40.6644
11.8264 40.577
11.7742 40.4899
11.7222 40.403
11.6705 40.3164
11.6191 40.2301
11.5679 40.1439
11.5171 40.0581
11.4666 39.9724
11.4164 39.887
11.3666 39.8019
11.3172 39.7169
11.2682 39.6322
11.2195 39.5478
11.1713 39.4635
11.1235 39.3795
11.0762 39.2958
11.0293 39.2122
10.9829 39.1289
10.9369 39.0458
10.8914 38.963
10.8464 38.8804
10.802 38.7981
10.758 38.716
10.7145 38.6341
10.6716 38.5525
10.6292 38.4711
10.5873 38.39
10.546 38.3092
10.5053 38.2286
10.4651 38.1483
10.4254 38.0683
10.3863 37.9885
10.3478 37.909
10.3099 37.8298
10.2725 37.7509
10.2357 37.6723
10.1995 37.5941
10.1639 37.5161
10.1289 37.4384
10.0944 37.3611
10.0606 37.2841
10.0273 37.2074
9.99463 37.1311
9.96255 37.0551
9.93105 36.9795
9.90015 36.9042
9.86983 36.8294
9.8401 36.7549
9.81096 36.6807
9.7824 36.607
9.75442 36.5337
9.72702 36.4608
9.7002 36.3883
9.67396 36.3162
9.64828 36.2446
9.62318 36.1734
9.59864 36.1026
9.57466 36.0323
9.55123 35.9624
9.52836 35.8931
9.50604 35.8242
9.48426 35.7558
9.46301 35.6878
9.44231 35.6204
9.42213 35.5535
9.40247 35.4871
9.38333 35.4212
9.3647 35.3559
9.34658 35.2911
9.32895 35.2268
9.31182 35.1631
9.29517 35.0999
9.27901 35.0373
9.26332 34.9753
9.24809 34.9138
9.23332 34.853
9.21901 34.7927
9.20514 34.733
9.19171 34.6739
9.17871 34.6154
9.16614 34.5576
9.15398 34.5003
9.14223 34.4437
9.13088 34.3877
9.11992 34.3323
9.10935 34.2776
9.09916 34.2235
9.08933 34.1701
9.07987 34.1173
9.07077 34.0651
9.06201 34.0136
9.05359 33.9628
9.0455 33.9126
9.03773 33.8631
9.03028 33.8143
9.02313 33.7661
9.01629 33.7186
9.00974 33.6717
9.00347 33.6256
8.99748 33.5801
8.99176 33.5352
8.9863 33.4911
8.98109 33.4476
8.97613 33.4047
8.97141 33.3626
8.96692 33.3211
8.96265 33.2802
8.95861 33.2401
8.95477 33.2005
8.95114 33.1617
8.94771 33.1235
8.94446 33.0859
8.9414 33.0489
8.93852 33.0126
8.93581 32.977
8.93327 32.9419
8.93088 32.9075
8.92865 32.8737
8.92656 32.8404
8.92462 32.8078
8.92281 32.7758
8.92114 32.7443
8.91959 32.7134
8.91816 32.6831
8.91684 32.6533
8.91564 32.6241
8.91454 32.5954
8.91354 32.5673
8.91263 32.5396
8.91182 32.5125
8.91109 32.4858
8.91045 32.4597
8.90988 32.434
8.90939 32.4087
8.90897 32.3839
8.90861 32.3596
8.90832 32.3357
8.90808 32.3122
8.9079 32.2891
8.90777 32.2663
8.90769 32.244
8.90766 32.222
8.90766 32.2004
8.90771 32.1791
8.90779 32.1581
8.90791 32.1375
8.90805 32.1171
8.90823 32.097
8.90843 32.0772
8.90865 32.0576
8.9089 32.0383
8.90917 32.0192
8.90945 32.0004
8.90975 31.9817
8.91006 31.9632
8.91039 31.9449
8.91072 31.9267
8.91107 31.9087
8.91142 31.8908
8.91179 31.873
8.91215 31.8553
8.91253 31.8377
8.9129 31.8201
8.91329 31.8026
8.91367 31.7852
8.91406 31.7677
8.91445 31.7503
8.91484 31.7329
8.91524 31.7155
8.91564 31.698
8.91604 31.6805
8.91644 31.6629
8.91685 31.6453
8.91726 31.6275
8.91767 31.6097
8.91809 31.5917
8.91852 31.5737
8.91895 31.5554
8.91939 31.537
8.91984 31.5185
8.9203 31.4998
8.92078 31.4808
8.92126 31.4617
8.92176 31.4423
8.92228 31.4227
8.92281 31.4029
8.92337 31.3828
8.92395 31.3625
8.92456 31.3418
8.92519 31.3209
8.92585 31.2997
8.92655 31.2781
8.92728 31.2562
8.92805 31.234
8.92886 31.2115
8.92971 31.1886
8.93061 31.1653
8.93157 31.1417
8.93257 31.1177
8.93364 31.0933
8.93476 31.0685
8.93595 31.0433
8.93721 31.0176
8.93854 30.9916
8.93995 30.9651
8.94144 30.9382
8.94302 30.9109
8.94469 30.8831
8.94645 30.8549
8.94831 30.8262
8.95028 30.797
8.95235 30.7674
8.95454 30.7373
8.95685 30.7067
8.95928 30.6757
8.96185 30.6442
8.96454 30.6122
8.96738 30.5797
8.97037 30.5467
8.97351 30.5133
8.97681 30.4793
8.98027 30.4449
8.98389 30.41
8.9877 30.3745
8.99168 30.3386
8.99586 30.3022
9.00022 30.2654
9.00478 30.228
9.00955 30.1901
9.01453 30.1518
9.01973 30.1129
9.02514 30.0736
9.03079 30.0338
9.03667 29.9935
9.04279 29.9528
9.04916 29.9116
9.05578 29.8699
9.06266 29.8277
9.06981 29.7851
9.07722 29.742
9.08491 29.6984
9.09289 29.6544
9.10115 29.6099
9.1097 29.565
9.11855 29.5196
9.12771 29.4738
9.13717 29.4276
9.14695 29.3809
9.15705 29.3338
9.16748 29.2863
9.17823 29.2384
9.18932 29.19
9.20076 29.1413
9.21253 29.0921
9.22466 29.0426
9.23714 28.9926
9.24998 28.9423
9.26318 28.8916
9.27675 28.8405
9.2907 28.789
9.30501 28.7372
9.31971 28.685
9.33478 28.6324
9.35024 28.5795
9.36609 28.5262
9.38234 28.4726
9.39897 28.4187
9.41601 28.3644
9.43344 28.3099
9.45128 28.2549
9.46952 28.1997
9.48816 28.1442
9.50722 28.0883
9.52668 28.0322
9.54655 27.9758
9.56684 27.919
9.58753 27.862
9.60864 27.8047
9.63016 27.7471
9.6521 27.6893
9.67445 27.6311
9.69721 27.5728
9.72038 27.5141
9.74396 27.4552
9.76795 27.396
9.79235 27.3366
9.81716 27.2769
9.84237 27.217
9.86798 27.1569
9.89399 27.0965
9.92039 27.0359
9.94719 26.975
9.97438 26.9139
10.002 26.8526
10.0299 26.791
10.0582 26.7292
10.0869 26.6672
10.116 26.605
10.1454 26.5425
10.1752 26.4798
10.2053 26.4169
10.2358 26.3538
10.2666 26.2904
10.2977 26.2268
10.3292 26.163
10.361 26.099
10.393 26.0347
10.4254 25.9702
10.458 25.9055
10.4909 25.8405
10.5241 25.7753
10.5576 25.7098
10.5912 25.6441
10.6251 25.5781
10.6593 25.5119
10.6936 25.4455
10.7281 25.3787
10.7628 25.3117
10.7977 25.2444
10.8328 25.1769
10.868 25.1091
10.9033 25.0409
10.9387 24.9725
10.9742 24.9038
11.0098 24.8347
11.0455 24.7654
11.0813 24.6957
11.1171 24.6257
11.1529 24.5554
11.1887 24.4847
11.2245 24.4137
11.2603 24.3423
11.296 24.2706
11.3317 24.1985
11.3674 24.126
11.4029 24.0531
11.4383 23.9799
11.4736 23.9062
11.5088 23.8321
11.5438 23.7577
11.5786 23.6828
11.6132 23.6074
11.6476 23.5317
11.6818 23.4554
11.7157 23.3788
11.7494 23.3017
11.7828 23.2241
11.8159 23.146
11.8486 23.0675
11.881 22.9885
11.9131 22.9089
11.9448 22.8289
11.9761 22.7484
12.007 22.6674
12.0374 22.5858
12.0674 22.5038
12.0969 22.4212
12.126 22.338
12.1545 22.2544
12.1826 22.1702
12.2101 22.0854
12.237 22.0001
12.2633 21.9142
12.2891 21.8278
12.3142 21.7408
12.3388 21.6532
12.3626 21.565
12.3858 21.4763
12.4084 21.387
12.4302 21.2971
12.4513 21.2067
12.4717 21.1156
12.4914 21.024
12.5103 20.9318
12.5284 20.839
12.5457 20.7456
12.5622 20.6516
12.5778 20.5571
12.5927 20.462
12.6066 20.3662
12.6197 20.2699
12.632 20.1731
12.6433 20.0756
12.6537 19.9776
12.6632 19.8791
12.6717 19.7799
12.6793 19.6802
12.6859 19.58
12.6916 19.4792
12.6962 19.3779
12.6999 19.2761
12.7025 19.1737
12.7042 19.0708
12.7048 18.9675
12.7043 18.8636
12.7028 18.7592
12.7002 18.6544
12.6966 18.5491
12.6919 18.4434
12.686 18.3373
12.6791 18.2307
12.6711 18.1237
12.662 18.0163
12.6518 17.9086
12.6404 17.8005
12.6279 17.692
12.6143 17.5833
12.5996 17.4742
12.5837 17.3648
12.5666 17.2552
12.5484 17.1454
12.5291 17.0353
12.5086 16.925
12.487 16.8146
12.4642 16.704
12.4403 16.5932
12.4152 16.4824
12.389 16.3715
12.3616 16.2606
12.333 16.1496
12.3034 16.0386
12.2725 15.9277
12.2406 15.8168
12.2075 15.706
12.1732 15.5953
12.1378 15.4847
12.1014 15.3744
12.0637 15.2642
12.025 15.1542
11.9852 15.0446
11.9442 14.9352
11.9022 14.8261
11.8591 14.7173
11.8149 14.609
11.7696 14.501
11.7233 14.3934
11.6759 14.2864
11.6274 14.1798
11.5779 14.0737
11.5274 13.9682
11.4759 13.8632
11.4233 13.7589
11.3697 13.6551
11.3152 13.5521
11.2597 13.4497
11.2032 13.348
11.1457 13.247
11.0873 13.1468
11.028 13.0474
10.9677 12.9488
10.9066 12.851
10.8445 12.7541
10.7816 12.6581
10.7178 12.5629
10.6531 12.4687
10.5876 12.3754
10.5212 12.283
10.4541 12.1916
10.3861 12.1012
10.3174 12.0119
10.2478 11.9235
10.1776 11.8362
10.1065 11.7499
10.0348 11.6647
9.96232 11.5806
9.88916 11.4976
9.81531 11.4156
9.74079 11.3348
9.66562 11.255
9.58982 11.1764
9.5134 11.0989
9.43637 11.0225
9.35875 10.9472
9.28056 10.8731
9.20182 10.8001
9.12254 10.7282
9.04273 10.6574
8.96242 10.5877
8.88162 10.5192
8.80035 10.4517
8.71862 10.3853
8.63645 10.32
8.55386 10.2557
8.47086 10.1925
8.38747 10.1303
8.30371 10.0691
8.21959 10.0089
8.13513 9.94964
8.05035 9.89133
7.96527 9.83394
7.87989 9.77743
7.79425 9.72177
7.70835 9.66693
7.6222 9.61288
7.53584 9.55957
7.44927 9.50698
7.36251 9.45506
7.27558 9.40376
7.18849 9.35305
7.10126 9.30287
7.0139 9.25318
6.92644 9.20391
6.83888 9.15503
6.75125 9.10647
6.66355 9.05816
6.57581 9.01006
6.48804 8.9621
6.40025 8.9142
6.40025 8.9142
6.48804 8.96208
6.57585 9.00991
6.66369 9.05765
6.75158 9.10526
6.83953 9.15269
6.92756 9.19991
7.01567 9.24688
7.10388 9.29356
7.1922 9.3399
7.28063 9.38589
7.36919 9.43148
7.45789 9.47664
7.54672 9.52135
7.63569 9.56556
7.72482 9.60926
7.8141 9.65241
7.90354 9.69499
7.99313 9.73697
8.08289 9.77834
8.17281 9.81906
8.26289 9.85911
8.35314 9.89848
8.44355 9.93715
8.53411 9.97509
8.62484 10.0123
8.71572 10.0487
8.80675 10.0844
8.89792 10.1193
8.98924 10.1534
9.08069 10.1866
9.17227 10.2191
9.26397 10.2507
9.35579 10.2815
9.44772 10.3114
9.53975 10.3404
9.63187 10.3686
9.72408 10.3959
9.81636 10.4223
9.9087 10.4479
10.0011 10.4725
10.0935 10.4963
10.186 10.5192
10.2785 10.5411
10.371 10.5622
10.4635 10.5824
10.556 10.6017
10.6484 10.6201
10.7408 10.6376
10.8332 10.6542
10.9255 10.67
11.0177 10.6848
11.1098 10.6988
11.2018 10.7119
11.2937 10.7241
11.3854 10.7355
11.477 10.746
11.5684 10.7557
11.6596 10.7645
11.7507 10.7725
11.8415 10.7797
11.9321 10.786
12.0225 10.7916
12.1126 10.7964
12.2024 10.8003
12.2919 10.8036
12.3812 10.806
12.4701 10.8077
12.5587 10.8087
12.647 10.8089
12.7349 10.8084
12.8224 10.8072
12.9095 10.8053
12.9962 10.8028
13.0826 10.7996
13.1684 10.7957
13.2539 10.7912
13.3388 10.7861
13.4233 10.7803
13.5074 10.774
13.5909 10.7671
13.6739 10.7596
13.7564 10.7516
13.8383 10.743
13.9197 10.7339
14.0006 10.7243
14.0809 10.7142
14.1606 10.7037
14.2397 10.6926
14.3182 10.6812
14.3961 10.6692
14.4734 10.6569
14.5501 10.6441
14.6261 10.631
14.7015 10.6175
14.7763 10.6036
14.8504 10.5894
14.9238 10.5748
14.9966 10.5599
15.0687 10.5447
15.1402 10.5292
15.211 10.5134
15.2811 10.4973
15.3505 10.481
15.4192 10.4644
15.4873 10.4476
15.5546 10.4306
15.6213 10.4133
15.6873 10.3959
15.7527 10.3783
15.8173 10.3604
15.8813 10.3425
15.9446 10.3243
16.0073 10.306
16.0692 10.2876
16.1306 10.269
16.1912 10.2503
16.2512 10.2315
16.3106 10.2126
16.3694 10.1936
16.4275 10.1746
16.485 10.1554
16.5418 10.1362
16.5981 10.1169
16.6538 10.0975
16.7089 10.0781
16.7634 10.0587
16.8173 10.0392
16.8707 10.0198
16.9235 10.0003
16.9758 9.98073
17.0275 9.96121
17.0788 9.94169
17.1295 9.92217
17.1798 9.90267
17.2295 9.88318
17.2788 9.86372
17.3277 9.84428
17.3761 9.82488
17.424 9.80552
17.4716 9.78621
17.5188 9.76694
17.5655 9.74772
17.6119 9.72857
17.6579 9.70947
17.7036 9.69044
17.749 9.67148
17.794 9.6526
17.8387 9.63379
17.8832 9.61506
17.9274 9.59642
17.9713 9.57786
18.0149 9.5594
18.0584 9.54103
18.1016 9.52276
18.1447 9.50458
18.1875 9.48651
18.2302 9.46854
18.2728 9.45068
18.3152 9.43293
18.3575 9.41529
18.3997 9.39776
18.4418 9.38035
18.4838 9.36306
18.5258 9.34589
18.5677 9.32883
18.6096 9.3119
18.6515 9.2951
18.6934 9.27842
18.7354 9.26186
18.7773 9.24544
18.8193 9.22914
18.8614 9.21298
18.9036 9.19694
18.9458 9.18104
18.9882 9.16527
19.0306 9.14964
19.0733 9.13414
19.116 9.11877
19.159 9.10355
19.2021 9.08845
19.2454 9.0735
19.2888 9.05868
19.3326 9.044
19.3765 9.02946
19.4207 9.01506
19.4651 9.00079
19.5098 8.98666
19.5548 8.97268
19.6001 8.95883
19.6456 8.94512
19.6915 8.93155
19.7377 8.91811
19.7842 8.90482
19.831 8.89167
19.8782 8.87865
19.9257 8.86578
19.9736 8.85304
20.0219 8.84044
20.0705 8.82798
20.1196 8.81566
20.169 8.80347
20.2188 8.79142
20.269 8.77951
20.3196 8.76774
20.3707 8.75611
20.4221 8.74461
20.474 8.73325
20.5263 8.72202
20.579 8.71093
20.6321 8.69998
20.6857 8.68916
20.7397 8.67848
20.7941 8.66793
20.849 8.65752
20.9043 8.64725
20.9601 8.6371
21.0162 8.6271
21.0729 8.61722
21.1299 8.60748
21.1874 8.59787
21.2453 8.5884
21.3036 8.57906
21.3624 8.56985
21.4216 8.56077
21.4812 8.55182
21.5413 8.543
21.6017 8.53432
21.6626 8.52576
21.7239 8.51734
21.7856 8.50904
21.8477 8.50088
21.9102 8.49284
21.9731 8.48493
22.0364 8.47715
22.1 8.46949
22.1641 8.46196
22.2285 8.45456
22.2933 8.44728
22.3585 8.44013
22.424 8.43311
22.4898 8.4262
22.556 8.41943
22.6226 8.41277
22.6894 8.40624
22.7566 8.39983
22.8242 8.39354
22.892 8.38737
22.9601 8.38132
23.0285 8.3754
23.0972 8.36959
23.1662 8.3639
23.2355 8.35833
23.305 8.35287
23.3748 8.34753
23.4448 8.34231
23.5151 8.3372
23.5856 8.33221
23.6563 8.32733
23.7273 8.32256
23.7984 8.31791
23.8698 8.31337
23.9413 8.30893
24.013 8.30461
24.0849 8.3004
24.157 8.2963
24.2292 8.2923
24.3016 8.28841
24.3741 8.28463
24.4467 8.28095
24.5195 8.27737
24.5924 8.2739
24.6653 8.27054
24.7384 8.26727
24.8116 8.2641
24.8849 8.26104
24.9582 8.25807
25.0316 8.2552
25.105 8.25243
25.1785 8.24976
25.2521 8.24718
25.3257 8.24469
25.3993 8.2423
25.4729 8.24
25.5465 8.23778
25.6202 8.23566
25.6938 8.23363
25.7674 8.23169
25.841 8.22983
25.9146 8.22806
25.9882 8.22637
26.0617 8.22477
26.1352 8.22325
26.2086 8.2218
26.282 8.22044
26.3553 8.21916
26.4286 8.21796
26.5018 8.21683
26.5749 8.21577
26.6479 8.21479
26.7209 8.21388
26.7937 8.21304
26.8665 8.21228
26.9391 8.21158
27.0117 8.21094
27.0842 8.21038
27.1565 8.20987
27.2288 8.20944
27.3009 8.20906
27.3729 8.20874
27.4448 8.20848
27.5166 8.20828
27.5883 8.20813
27.6598 8.20804
27.7312 8.208
27.8025 8.20802
27.8737 8.20808
27.9447 8.20819
28.0156 8.20835
28.0864 8.20855
28.157 8.2088
28.2276 8.20909
28.298 8.20942
28.3682 8.20979
28.4384 8.2102
28.5084 8.21065
28.5782 8.21113
28.648 8.21164
28.7176 8.21219
28.7871 8.21277
28.8565 8.21337
28.9258 8.21401
28.9949 8.21466
29.0639 8.21535
29.1328 8.21605
29.2016 8.21678
29.2702 8.21752
29.3388 8.21829
29.4072 8.21907
29.4756 8.21986
29.5438 8.22067
29.6119 8.2215
29.68 8.22233
29.7479 8.22317
29.8157 8.22402
29.8835 8.22487
29.9511 8.22573
30.0187 8.22659
30.0862 8.22746
30.1536 8.22832
30.2209 8.22918
30.2881 8.23004
30.3553 8.2309
30.4224 8.23175
30.4894 8.23259
30.5564 8.23343
30.6233 8.23425
30.6902 8.23507
30.757 8.23587
30.8238 8.23666
30.8905 8.23743
30.9571 8.23818
31.0238 8.23892
31.0904 8.23964
31.1569 8.24034
31.2235 8.24102
31.29 8.24167
31.3565 8.2423
31.4229 8.24291
31.4894 8.24349
31.5558 8.24404
31.6223 8.24456
31.6887 8.24506
31.7551 8.24552
31.8216 8.24595
31.888 8.24635
31.9545 8.24671
32.0209 8.24704
32.0874 8.24733
32.1539 8.24759
32.2204 8.2478
32.2869 8.24798
32.3535 8.24812
32.42 8.24822
32.4866 8.24828
32.5533 8.24829
32.62 8.24827
32.6867 8.2482
32.7534 8.24808
32.8202 8.24792
32.8871 8.24771
32.954 8.24746
33.0209 8.24716
33.0879 8.24681
33.155 8.24642
33.2221 8.24598
33.2892 8.24548
33.3564 8.24494
33.4237 8.24435
33.491 8.24371
33.5584 8.24302
33.6259 8.24227
33.6934 8.24148
33.7609 8.24063
33.8286 8.23974
33.8962 8.23879
33.964 8.23779
34.0318 8.23674
34.0997 8.23563
34.1676 8.23448
34.2356 8.23327
34.3037 8.23201
34.3718 8.2307
34.44 8.22934
34.5082 8.22793
34.5765 8.22646
34.6448 8.22494
34.7132 8.22338
34.7817 8.22176
34.8502 8.22009
34.9187 8.21837
34.9873 8.21661
35.056 8.21479
35.1247 8.21292
35.1934 8.21101
35.2622 8.20904
35.331 8.20703
35.3999 8.20498
35.4687 8.20287
35.5376 8.20072
35.6066 8.19853
35.6756 8.19629
35.7446 8.194
35.8136 8.19167
35.8826 8.1893
35.9516 8.18688
36.0207 8.18443
36.0898 8.18193
36.1589 8.17939
36.2279 8.17681
36.297 8.1742
36.3661 8.17154
36.4352 8.16885
36.5043 8.16612
36.5733 8.16336
36.6424 8.16056
36.7114 8.15773
36.7804 8.15486
36.8494 8.15196
36.9183 8.14903
36.9872 8.14607
37.0561 8.14308
37.125 8.14006
37.1938 8.13701
37.2626 8.13394
37.3313 8.13083
37.3999 8.12771
37.4686 8.12456
37.5371 8.12139
37.6056 8.11819
37.674 8.11498
37.7424 8.11174
37.8107 8.10849
37.8789 8.10521
37.947 8.10192
38.0151 8.09862
38.083 8.0953
38.1509 8.09196
38.2187 8.08861
38.2864 8.08525
38.354 8.08188
38.4215 8.0785
38.4888 8.07511
38.5561 8.07171
38.6233 8.06831
38.6903 8.0649
38.7573 8.06148
38.8241 8.05806
38.8908 8.05464
38.9573 8.05122
39.0238 8.0478
39.0901 8.04437
39.1563 8.04095
39.2223 8.03753
39.2882 8.03412
39.354 8.03071
39.4196 8.0273
39.485 8.0239
39.5504 8.02051
39.6155 8.01713
39.6806 8.01376
39.7454 8.01039
39.8101 8.00704
39.8747 8.0037
39.9391 8.00038
40.0033 7.99707
40.0673 7.99377
40.1312 7.99049
40.195 7.98723
40.2586 7.98398
40.322 7.98076
40.3852 7.97755
40.4482 7.97436
40.5111 7.9712
40.5739 7.96806
40.6364 7.96494
40.6988 7.96184
40.761 7.95877
40.823 7.95572
40.8849 7.9527
40.9465 7.94971
41.0081 7.94674
41.0694 7.9438
41.1306 7.94089
41.1916 7.93801
41.2524 7.93517
41.313 7.93235
41.3735 7.92956
41.4338 7.9268
41.494 7.92408
41.5539 7.92139
41.6138 7.91874
41.6734 7.91612
41.7329 7.91353
41.7922 7.91098
41.8513 7.90847
41.9103 7.90599
41.9692 7.90355
42.0278 7.90115
42.0863 7.89878
42.1447 7.89645
42.2029 7.89417
42.261 7.89192
42.3189 7.88971
42.3766 7.88754
42.4343 7.88541
42.4917 7.88332
42.5491 7.88127
42.6063 7.87926
42.6633 7.87729
42.7202 7.87537
42.777 7.87349
42.8337 7.87165
42.8902 7.86985
42.9466 7.86809
43.0029 7.86638
43.059 7.86471
43.1151 7.86308
43.171 7.86149
43.2268 7.85995
43.2825 7.85845
43.3381 7.85699
43.3936 7.85558
43.4489 7.85421
43.5042 7.85288
43.5594 7.8516
43.6145 7.85036
43.6695 7.84916
43.7244 7.848
43.7792 7.84689
43.834 7.84582
43.8886 7.84479
43.9432 7.84381
43.9977 7.84286
44.0521 7.84196
44.1065 7.8411
44.1608 7.84028
44.2151 7.83951
44.2692 7.83877
44.3234 7.83807
44.3774 7.83742
44.4314 7.8368
44.4854 7.83622
44.5393 7.83568
44.5932 7.83518
44.647 7.83472
44.7009 7.8343
44.7546 7.83391
44.8084 7.83356
44.8621 7.83324
44.9158 7.83297
44.9694 7.83272
45.0231 7.83251
45.0767 7.83233
45.1303 7.83219
45.1839 7.83208
45.2375 7.832
45.2911 7.83195
45.3447 7.83193
45.3982 7.83194
45.4518 7.83198
45.5054 7.83205
45.559 7.83214
45.6126 7.83226
45.6662 7.8324
45.7198 7.83257
45.7735 7.83276
45.8271 7.83298
45.8808 7.83321
45.9345 7.83346
45.9882 7.83374
46.042 7.83403
46.0958 7.83434
46.1496 7.83467
46.2034 7.83501
46.2573 7.83536
46.3112 7.83572
46.3652 7.8361
46.4192 7.83649
46.4732 7.83688
46.5273 7.83729
46.5814 7.8377
46.6356 7.83811
46.6898 7.83853
46.744 7.83895
46.7984 7.83937
46.8527 7.83979
46.9071 7.84021
46.9616 7.84062
47.0161 7.84103
47.0707 7.84144
47.1254 7.84183
47.18 7.84222
47.2348 7.8426
47.2896 7.84296
47.3445 7.84332
47.3994 7.84366
47.4544 7.84398
47.5095 7.84429
47.5646 7.84457
47.6198 7.84484
47.675 7.84509
47.7304 7.84531
47.7857 7.84551
47.8412 7.84568
47.8967 7.84582
47.9523 7.84594
48.0079 7.84603
48.0636 7.84608
48.1194 7.8461
48.1753 7.84609
48.2312 7.84604
48.2872 7.84596
48.3432 7.84584
48.3993 7.84568
48.4555 7.84548
48.5118 7.84523
48.5681 7.84494
48.6245 7.84461
48.6809 7.84423
48.7375 7.84381
48.794 7.84334
48.8507 7.84282
48.9074 7.84224
48.9642 7.84162
49.0211 7.84094
49.078 7.84021
49.135 7.83943
49.192 7.83859
49.2491 7.83769
49.3063 7.83674
49.3635 7.83572
49.4208 7.83465
49.4782 7.83352
49.5356 7.83232
49.593 7.83107
49.6506 7.82975
49.7082 7.82837
49.7658 7.82692
49.8235 7.82541
49.8813 7.82383
49.9391 7.82219
49.9969 7.82048
50.0548 7.8187
50.1128 7.81686
50.1708 7.81495
50.2289 7.81297
50.287 7.81092
50.3452 7.8088
50.4034 7.80662
50.4616 7.80436
50.5199 7.80204
50.5782 7.79964
50.6366 7.79718
50.695 7.79465
50.7534 7.79204
50.8119 7.78937
50.8704 7.78663
50.929 7.78382
50.9875 7.78095
51.0462 7.778
51.1048 7.77499
51.1635 7.77191
51.2221 7.76876
51.2809 7.76555
51.3396 7.76227
51.3983 7.75892
51.4571 7.75552
51.5159 7.75205
51.5747 7.74851
51.6335 7.74492
51.6924 7.74127
51.7512 7.73756
51.81 7.73378
51.8689 7.72996
51.9278 7.72608
51.9866 7.72214
52.0455 7.71815
52.1043 7.71411
52.1632 7.71002
52.2221 7.70589
52.2809 7.7017
52.3398 7.69748
52.3986 7.69321
52.4574 7.6889
52.5162 7.68455
52.575 7.68016
52.6338 7.67574
52.6925 7.67128
52.7512 7.6668
52.8099 7.66228
52.8686 7.65774
52.9273 7.65317
52.9859 7.64858
53.0445 7.64397
53.103 7.63934
53.1615 7.6347
53.22 7.63004
53.2785 7.62537
53.3369 7.6207
53.3952 7.61601
53.4535 7.61132
53.5118 7.60663
53.57 7.60194
53.6282 7.59726
53.6863 7.59258
53.7444 7.5879
53.8024 7.58324
53.8604 7.57859
53.9182 7.57396
53.9761 7.56934
54.0339 7.56474
54.0916 7.56017
54.1492 7.55562
54.2068 7.55111
54.2643 7.54662
54.3218 7.54216
54.3791 7.53774
54.4364 7.53336
54.4937 7.52902
54.5508 7.52472
54.6079 7.52046
54.6649 7.51626
54.7218 7.5121
54.7787 7.508
54.8354 7.50395
54.8921 7.49996
54.9487 7.49603
55.0053 7.49216
55.0617 7.48835
55.1181 7.48462
55.1743 7.48095
55.2305 7.47735
55.2866 7.47382
55.3426 7.47037
55.3986 7.467
55.4544 7.46371
55.5102 7.4605
55.5658 7.45737
55.6214 7.45433
55.6769 7.45137
55.7323 7.44851
55.7876 7.44573
55.8428 7.44305
55.898 7.44047
55.953 7.43797
56.008 7.43558
56.0628 7.43329
56.1176 7.4311
56.1723 7.429
56.2269 7.42702
56.2815 7.42514
56.3359 7.42336
56.3903 7.42169
56.4446 7.42013
56.4987 7.41868
56.5529 7.41734
56.6069 7.41611
56.6609 7.415
56.7147 7.414
56.7686 7.41311
56.8223 7.41233
56.876 7.41167
56.9296 7.41113
56.9831 7.4107
57.0365 7.41038
57.0899 7.41019
57.1433 7.4101
57.1965 7.41014
57.2498 7.41029
57.3029 7.41056
57.356 7.41094
57.4091 7.41144
57.4621 7.41205
57.5151 7.41278
57.568 7.41362
57.6209 7.41457
57.6738 7.41564
57.7266 7.41681
57.7794 7.4181
57.8322 7.41949
57.8849 7.421
57.9377 7.42261
57.9904 7.42432
58.0431 7.42614
58.0958 7.42806
58.1485 7.43008
58.2013 7.43221
58.254 7.43442
58.3067 7.43674
58.3594 7.43915
58.4122 7.44165
58.465 7.44424
58.5178 7.44692
58.5706 7.44968
58.6235 7.45253
58.6764 7.45546
58.7293 7.45847
58.7823 7.46156
58.8354 7.46472
58.8885 7.46796
58.9417 7.47126
58.9949 7.47464
59.0482 7.47807
59.1015 7.48158
59.155 7.48514
59.2085 7.48875
59.2621 7.49243
59.3158 7.49615
59.3696 7.49992
59.4235 7.50374
59.4774 7.50761
59.5315 7.51151
59.5857 7.51546
59.64 7.51943
59.6944 7.52344
59.749 7.52748
59.8036 7.53155
59.8584 7.53564
59.9133 7.53975
59.9684 7.54387
60.0236 7.54802
60.0789 7.55217
60.1344 7.55633
60.19 7.5605
60.2457 7.56466
60.3016 7.56883
60.3577 7.573
60.4139 7.57715
60.4703 7.5813
60.5268 7.58544
60.5835 7.58956
60.6404 7.59366
60.6975 7.59773
60.7547 7.60179
60.812 7.60581
60.8696 7.60981
60.9273 7.61377
60.9852 7.61769
61.0433 7.62158
61.1015 7.62542
61.16 7.62922
61.2186 7.63297
61.2774 7.63666
61.3363 7.64031
61.3955 7.64389
61.4548 7.64742
61.5143 7.65088
61.574 7.65428
61.6339 7.65762
61.6939 7.66088
61.7541 7.66407
61.8145 7.66718
61.8751 7.67022
61.9358 7.67318
61.9967 7.67605
62.0578 7.67884
62.1191 7.68155
62.1805 7.68416
62.242 7.68668
62.3038 7.68911
62.3657 7.69144
62.4277 7.69368
62.4899 7.69581
62.5522 7.69785
62.6147 7.69978
62.6773 7.7016
62.74 7.70332
62.8029 7.70493
62.8658 7.70643
62.9289 7.70782
62.9921 7.70909
63.0554 7.71026
63.1188 7.7113
63.1823 7.71223
63.2459 7.71304
63.3095 7.71373
63.3732 7.71431
63.437 7.71476
63.5008 7.71509
63.5647 7.7153
63.6286 7.71538
63.6926 7.71535
63.7565 7.71518
63.8205 7.7149
63.8845 7.71449
63.9484 7.71395
64.0124 7.71328
64.0763 7.7125
64.1402 7.71158
64.204 7.71054
64.2678 7.70937
64.3315 7.70808
64.3952 7.70665
64.4588 7.70511
64.5222 7.70343
64.5856 7.70163
64.6489 7.69971
64.712 7.69766
64.775 7.69548
64.8379 7.69318
64.9006 7.69076
64.9631 7.68821
65.0255 7.68554
65.0877 7.68274
65.1497 7.67983
65.2115 7.67679
65.2731 7.67363
65.3345 7.67035
65.3956 7.66695
65.4565 7.66344
65.5171 7.6598
65.5775 7.65605
65.6376 7.65219
65.6974 7.6482
65.757 7.64411
65.8162 7.6399
65.8752 7.63558
65.9338 7.63115
65.9921 7.62662
66.0501 7.62197
66.1077 7.61721
66.165 7.61235
66.222 7.60739
66.2786 7.60232
66.3348 7.59715
66.3906 7.59188
66.4461 7.58651
66.5012 7.58104
66.5559 7.57547
66.6101 7.56981
66.664 7.56405
66.7175 7.55821
66.7706 7.55227
66.8232 7.54624
66.8754 7.54012
66.9272 7.53392
66.9786 7.52763
67.0295 7.52125
67.08 7.5148
67.13 7.50826
67.1797 7.50164
67.2288 7.49495
67.2776 7.48818
67.3259 7.48133
67.3737 7.47442
67.4211 7.46743
67.4681 7.46037
67.5146 7.45324
67.5606 7.44604
67.6063 7.43878
67.6515 7.43145
67.6963 7.42407
67.7406 7.41662
67.7845 7.40911
67.828 7.40154
67.8711 7.39392
67.9138 7.38625
67.956 7.37851
67.9979 7.37073
68.0394 7.3629
68.0805 7.35502
68.1212 7.34709
68.1616 7.33911
68.2016 7.33109
68.2412 7.32303
68.2806 7.31493
68.3196 7.30678
68.3583 7.2986
68.3967 7.29038
68.4348 7.28212
68.4727 7.27383
68.5103 7.2655
68.5477 7.25714
68.5848 7.24875
68.6218 7.24033
68.6585 7.23187
68.6951 7.2234
68.7316 7.21489
68.7679 7.20636
68.8041 7.19781
68.8402 7.18923
68.8762 7.18063
68.9122 7.172
68.9482 7.16336
68.9842 7.1547
69.0202 7.14602
69.0562 7.13733
69.0923 7.12861
69.1285 7.11988
69.1648 7.11114
69.2012 7.10239
69.2378 7.09362
69.2746 7.08484
69.3116 7.07605
69.3489 7.06726
69.3864 7.05845
69.4242 7.04964
69.4623 7.04082
69.5007 7.03199
69.5395 7.02316
69.5787 7.01433
69.6184 7.00549
69.6584 6.99665
69.699 6.98781
69.74 6.97898
69.7816 6.97014
69.8237 6.9613
69.8664 6.95247
69.9097 6.94364
69.9536 6.93482
69.9981 6.926
70.0434 6.91718
70.0894 6.90838
70.1361 6.89959
70.1835 6.8908
70.2317 6.88203
70.2808 6.87326
70.3307 6.86451
70.3814 6.85578
70.433 6.84706
70.4855 6.83835
70.5389 6.82966
70.5933 6.82099
70.6487 6.81234
70.705 6.80371
70.7624 6.79511
70.8208 6.78652
70.8803 6.77796
70.9408 6.76942
71.0025 6.76091
71.0653 6.75243
71.1292 6.74398
71.1942 6.73556
71.2604 6.72717
71.3279 6.71881
71.3965 6.71049
71.4663 6.7022
71.5374 6.69395
71.6098 6.68574
71.6834 6.67757
71.7582 6.66944
71.8344 6.66135
71.9119 6.65331
71.9907 6.64532
72.0708 6.63737
72.1522 6.62948
72.235 6.62163
72.3191 6.61384
72.4045 6.6061
72.4914 6.59843
72.5796 6.59081
72.6691 6.58325
72.76 6.57575
72.8523 6.56832
72.946 6.56095
73.041 6.55366
73.1374 6.54643
73.2352 6.53928
73.3343 6.5322
73.4348 6.5252
73.5366 6.51828
73.6398 6.51144
73.7443 6.50469
73.8501 6.49802
73.9572 6.49144
74.0657 6.48495
74.1754 6.47856
74.2864 6.47227
74.3986 6.46607
74.5121 6.45998
74.6268 6.45399
74.7427 6.44811
74.8598 6.44234
74.9781 6.43669
75.0974 6.43115
75.2179 6.42573
75.3395 6.42043
75.4621 6.41526
75.5857 6.41022
75.7104 6.40531
75.836 6.40053
75.9625 6.3959
76.0899 6.3914
76.2182 6.38705
76.3473 6.38285
76.4772 6.37879
76.6079 6.3749
76.7393 6.37115
76.8714 6.36757
77.0042 6.36416
77.1375 6.3609
77.2715 6.35782
77.406 6.35491
77.541 6.35218
77.6764 6.34962
77.8123 6.34725
77.9485 6.34506
78.0851 6.34306
78.222 6.34124
78.3591 6.33962
78.4965 6.3382
78.634 6.33697
78.7717 6.33594
78.9095 6.33512
79.0473 6.3345
79.1852 6.33409
79.323 6.33389
79.4608 6.3339
79.5985 6.33412
79.7361 6.33457
79.8734 6.33522
80.0106 6.3361
80.1475 6.3372
80.2841 6.33852
80.4204 6.34007
80.5564 6.34184
80.6919 6.34384
80.827 6.34606
80.9617 6.34852
81.0958 6.3512
81.2295 6.35411
81.3626 6.35726
81.4951 6.36063
81.6269 6.36424
81.7582 6.36808
81.8887 6.37214
82.0186 6.37644
82.1478 6.38097
82.2762 6.38573
82.4038 6.39072
82.5307 6.39593
82.6567 6.40138
82.782 6.40704
82.9064 6.41293
83.0299 6.41905
83.1526 6.42538
83.2744 6.43194
83.3953 6.43871
83.5153 6.44569
83.6344 6.45288
83.7526 6.46028
83.8699 6.46789
83.9863 6.4757
84.1018 6.4837
84.2163 6.4919
84.33 6.50029
84.4427 6.50886
84.5546 6.51762
84.6656 6.52655
84.7757 6.53565
84.885 6.54492
84.9935 6.55435
85.1011 6.56393
85.2079 6.57366
85.314 6.58354
85.4194 6.59354
85.524 6.60368
85.628 6.61394
85.7313 6.62431
85.8341 6.63479
85.9362 6.64536
86.0379 6.65603
86.139 6.66677
86.2398 6.67759
86.3402 6.68847
86.4403 6.6994
86.5401 6.71038
86.6397 6.72138
86.7391 6.73241
86.8385 6.74345
